caseid,activity,activity_no,y_acc_sum,n_t,u_t,z_t,h_t,b_t,q_t,s_t,v_t,arrival_datetime,start_datetime,end_datetime,start_day,start_hour
0,c,1,2.6163012505585628,2.533247320610239,2.6163012505585628,2.533247320610239,0.0820000022649765,0.012968803596435388,2.628216126471651,0.0,0.08305392994832393,2022-12-25 12:47:52,2022-12-25 15:04:37,2022-12-25 14:47:28,Sunday,15
0,d,2,5.23827616551751,2.6163012505585628,2.621974914958947,2.533247320610239,0.04100000113248825,0.048397802192710566,2.7056990538837615,0.0,0.0056736644003844705,2022-12-25 14:47:28,2022-12-25 16:56:12,2022-12-25 14:55:38,Sunday,16
1,d,1,4.6852501278172385,3.6128571642691503,4.6852501278172385,3.6128571642691503,0.04100000113248825,0.017744781808505587,3.671601947210144,0.0,1.0723929635480882,2022-12-26 14:42:30,2022-12-26 16:07:06,2022-12-27 16:26:45,Monday,16
2,d,1,5.028036226983942,4.75954885325852,5.028036226983942,4.75954885325852,0.04100000113248825,0.046892553568055,4.847441407959064,0.0,0.268487373725422,2022-12-27 18:13:45,2022-12-27 20:20:18,2022-12-28 00:40:22,Tuesday,20
2,b,2,12.555655634512865,5.028036226983942,7.527619407528923,4.75954885325852,0.0,0.048620034592752756,5.076656261576694,2.4233437384233056,0.07623944212167563,2022-12-28 00:40:22,2022-12-30 12:00:00,2022-12-30 12:39:46,Friday,12
2,f,3,20.097343605932906,7.527619407528923,7.541687971420042,4.75954885325852,0.04100000113248825,0.14601415121149,0.714633559872901,0.0,0.01406856389111822,2022-12-30 12:39:46,2022-12-23 17:09:04,2022-12-30 13:00:01,Friday,17
2,f,4,31.15240282098623,7.541687971420042,11.055059215053323,4.75954885325852,0.12300000339746475,0.06789536084466573,0.7325833356621718,0.0,3.513371243633282,2022-12-30 13:00:01,2022-12-23 17:34:55,2023-01-03 01:19:17,Friday,17
2,f,5,42.428097947139406,11.055059215053323,11.27569512615318,4.75954885325852,0.0820000022649765,0.16248400223980086,4.2995432195581,0.2004567804419004,0.020179130657955832,2023-01-03 01:19:17,2022-12-27 12:00:00,2023-01-03 06:37:00,Tuesday,12
2,f,6,53.86112654654755,11.27569512615318,11.433028599408143,4.75954885325852,0.04100000113248825,0.14279454377133946,4.459489671057007,0.04051032894299311,0.1168231443119709,2023-01-03 06:37:00,2022-12-27 12:00:00,2023-01-03 10:23:33,Tuesday,12
2,c,7,66.13329013188226,11.433028599408143,12.272163585334704,4.75954885325852,0.0820000022649765,0.016998300252615728,4.532026901925736,0.0,0.8391349859265618,2023-01-03 10:23:33,2022-12-27 12:46:07,2023-01-04 06:31:54,Tuesday,12
2,c,8,80.72534559434312,12.272163585334704,14.592055462460866,4.75954885325852,0.0820000022649765,0.1777018011107384,5.531865388710418,1.9681346112895817,0.35175726583658085,2023-01-04 06:31:54,2022-12-30 12:00:00,2023-01-06 14:12:33,Friday,12
2,c,9,96.08647244855214,14.592055462460866,15.361126854209026,4.75954885325852,0.04100000113248825,0.007021861850463123,0.6400773254438175,0.0,0.7690713917481603,2023-01-06 14:12:33,2022-12-23 15:21:42,2023-01-07 08:40:01,Friday,15
2,c,10,112.34416113546477,15.361126854209026,16.257688686912633,4.75954885325852,0.0820000022649765,0.1084692079332142,1.5515960644072173,0.0,0.8965618327036059,2023-01-07 08:40:01,2022-12-24 13:14:17,2023-01-08 06:11:04,Saturday,13
2,c,11,128.99443330215794,16.257688686912633,16.65027216669316,4.75954885325852,0.04100000113248825,0.08443913138436464,2.383127819429486,0.11687218057051396,0.27571129921001236,2023-01-08 06:11:04,2022-12-25 12:00:00,2023-01-08 15:36:23,Sunday,12
2,d,12,146.12882389765895,16.65027216669316,17.134390595501014,4.75954885325852,0.12300000339746475,0.2500384201838916,3.023310590274516,0.4766894097254841,0.007429019082371314,2023-01-08 15:36:23,2022-12-26 12:00:00,2023-01-09 03:13:31,Monday,12
2,b,13,165.16425991913633,17.134390595501014,19.035436021477366,4.75954885325852,0.0,0.1258119013669513,3.260202496867965,0.23979750313203496,1.6612479228443182,2023-01-09 03:13:31,2022-12-26 12:00:00,2023-01-11 00:51:01,Monday,12
2,b,14,186.80209584226117,19.035436021477366,21.637835923124836,4.75954885325852,0.0820000022649765,0.18636930665048881,5.30380533039283,2.19619466960717,0.40620523204029896,2023-01-11 00:51:01,2022-12-30 12:00:00,2023-01-13 15:18:29,Friday,12
2,f,15,208.73983834195556,21.637835923124836,21.9377424996944,4.75954885325852,0.04100000113248825,0.04766075936833685,0.7264966836256619,0.0,0.29990657656956476,2023-01-13 15:18:29,2022-12-23 17:26:09,2023-01-13 22:30:20,Friday,17
2,c,16,230.90262804625021,21.9377424996944,22.162789704294653,4.75954885325852,0.0,0.023184365218371125,0.9609268649127714,0.0,0.2250472046002511,2023-01-13 22:30:20,2022-12-23 23:03:44,2023-01-14 03:54:25,Friday,23
3,c,1,7.616376225925546,5.0508855170842395,7.616376225925546,5.0508855170842395,0.12300000339746475,0.14588028677152193,5.319765807253226,2.1802341927467737,0.38525651609453215,2022-12-28 01:13:16,2022-12-30 12:00:00,2022-12-30 14:47:34,Friday,12
3,d,2,15.543404951928636,7.616376225925546,7.9270287260030905,5.0508855170842395,0.04100000113248825,0.017978500543838684,0.6753547276018725,0.0,0.3106525000775444,2022-12-30 14:47:34,2022-12-23 16:12:30,2022-12-30 22:14:55,Friday,16
4,c,1,7.4905474413729465,5.945296789506739,7.4905474413729465,5.945296789506739,0.12300000339746475,0.01627614723853522,6.084572940142739,1.4154270598572607,0.12982359200894675,2022-12-28 22:41:13,2022-12-30 12:00:00,2022-12-30 11:46:23,Friday,12
4,c,2,15.072256010689197,7.4905474413729465,7.58170856931625,5.945296789506739,0.12300000339746475,0.07012528928611236,0.6836727340565236,0.0,0.0911611279433032,2022-12-30 11:46:23,2022-12-23 16:24:29,2022-12-30 13:57:39,Friday,16
4,c,3,22.69354223196953,7.58170856931625,7.621286221280335,5.945296789506739,0.0820000022649765,0.1333516999578025,0.7970602715390287,0.0,0.03957765196408523,2022-12-30 13:57:39,2022-12-23 19:07:46,2022-12-30 14:54:39,Friday,19
4,d,4,30.64572872239596,7.621286221280335,7.952186490426429,5.945296789506739,0.04100000113248825,0.025919790249162807,0.6882060126619862,0.0,0.3309002691460942,2022-12-30 14:54:39,2022-12-23 16:31:00,2022-12-30 22:51:08,Friday,16
5,b,1,9.592860975118864,9.196120425763459,9.592860975118864,9.196120425763459,0.0820000022649765,0.1448318662514376,2.422952294279872,0.07704770572012798,0.319692843635277,2023-01-01 04:42:24,2022-12-25 12:00:00,2023-01-01 14:13:43,Sunday,12
5,b,2,19.95513243036821,9.592860975118864,10.362271455249344,9.196120425763459,0.0820000022649765,0.056092237561173305,2.730953214945014,0.0,0.7694104801304797,2023-01-01 14:13:43,2022-12-25 17:32:34,2023-01-02 08:41:40,Sunday,17
5,f,3,31.353230651334094,10.362271455249344,11.398098220965885,9.196120425763459,0.04100000113248825,0.26790487781637423,3.671176334198206,0.0,1.0358267657165419,2023-01-02 08:41:40,2022-12-26 16:06:29,2023-01-03 09:33:15,Monday,16
5,c,4,44.04208783193341,11.398098220965885,12.688857180599314,9.196120425763459,0.0820000022649765,0.11910247484430019,4.599200698075162,0.0,1.2907589596334292,2023-01-03 09:33:15,2022-12-27 14:22:50,2023-01-04 16:31:57,Tuesday,14
5,c,5,58.58323029310325,12.688857180599314,14.541142461169843,9.196120425763459,0.04100000113248825,0.009492410635159593,5.7393495923669615,1.7606504076330385,0.09163487293749038,2023-01-04 16:31:57,2022-12-30 12:00:00,2023-01-06 12:59:14,Friday,12
5,c,6,73.1534542869017,14.541142461169843,14.57022399379846,9.196120425763459,0.0820000022649765,0.033575447990613044,0.6567179114254316,0.0,0.029081532628618154,2023-01-06 12:59:14,2022-12-23 15:45:40,2023-01-06 13:41:07,Friday,15
6,e,1,9.929938395642402,9.858366319055637,9.929938395642402,9.858366319055637,0.0820000022649765,0.04876190626056057,2.9891282275811744,0.0,0.07157207658676455,2023-01-01 20:36:02,2022-12-25 23:44:20,2023-01-01 22:19:06,Sunday,23
7,c,1,10.531196323702623,10.093622350899192,10.531196323702623,10.093622350899192,0.0,0.14613386194807373,3.239756212847267,0.2602437871527332,0.17733018565069855,2023-01-02 02:14:48,2022-12-26 12:00:00,2023-01-02 12:44:55,Monday,12
7,d,2,21.072214621978418,10.531196323702623,10.541018298275793,10.093622350899192,0.0820000022649765,0.03746194090903851,3.650658266876638,0.0,0.009821974573169573,2023-01-02 12:44:55,2022-12-26 15:36:56,2023-01-02 12:59:03,Monday,15
7,b,3,32.6579438329014,10.541018298275793,11.585729210922985,10.093622350899192,0.0820000022649765,0.11280876950344813,3.735827070044218,0.0,1.0447109126471923,2023-01-02 12:59:03,2022-12-26 17:39:35,2023-01-03 14:03:27,Monday,17
7,f,4,45.055420053742566,11.585729210922985,12.397476220841165,10.093622350899192,0.0820000022649765,0.051529265887532295,4.719258479075494,0.0,0.8117470099181797,2023-01-03 14:03:27,2022-12-27 17:15:43,2023-01-04 09:32:21,Tuesday,17
7,f,5,59.913410279173775,12.397476220841165,14.857990225431209,10.093622350899192,0.04100000113248825,0.011500940133661333,5.449977162107315,2.0500228378926852,0.41049116669735897,2023-01-04 09:32:21,2022-12-30 12:00:00,2023-01-06 20:35:30,Friday,12
7,c,6,74.99351910040382,14.857990225431209,15.080108821230045,10.093622350899192,0.0,0.13773855314688324,0.9957287785780924,0.0,0.22211859579883672,2023-01-06 20:35:30,2022-12-23 23:53:50,2023-01-07 01:55:21,Friday,23
7,c,7,92.00294325711818,15.080108821230045,17.009424156714367,10.093622350899192,0.04100000113248825,0.06881968815508781,1.1899285105176212,0.31007148948237884,1.6192438460019438,2023-01-07 01:55:21,2022-12-24 12:00:00,2023-01-09 00:13:34,Saturday,12
8,f,1,10.342705233600839,10.154455785107519,10.342705233600839,10.154455785107519,0.0820000022649765,0.10629108191209821,3.3427468692845945,0.15725313071540548,0.030996317777913715,2023-01-02 03:42:24,2022-12-26 12:00:00,2023-01-02 08:13:29,Monday,12
8,c,2,24.760044713299024,10.342705233600839,14.417339479698185,10.154455785107519,0.0820000022649765,0.03856730271281524,3.4632725385786305,0.03672746142136951,4.037906784675978,2023-01-02 08:13:29,2022-12-26 12:00:00,2023-01-06 10:00:58,Monday,12
8,c,3,40.16271843664524,14.417339479698185,15.40267372334622,10.154455785107519,0.04100000113248825,0.0016430069581396167,0.4599824877888139,0.0400175122111861,0.9453167314368491,2023-01-06 10:00:58,2022-12-23 12:00:00,2023-01-07 09:39:51,Friday,12
8,c,4,56.17327034748672,15.40267372334622,16.01055191084148,10.154455785107519,0.12300000339746475,0.03694853926400229,1.562622266007688,0.0,0.6078781874952611,2023-01-07 09:39:51,2022-12-24 13:30:10,2023-01-08 00:15:11,Saturday,13
8,c,5,72.66769938201998,16.01055191084148,16.494429034533255,10.154455785107519,0.04100000113248825,0.14238091025259783,2.193932822226568,0.30606717777343206,0.17780994591834223,2023-01-08 00:15:11,2022-12-25 12:00:00,2023-01-08 11:51:58,Sunday,12
9,d,1,14.583047499163847,12.706478423479272,14.583047499163847,12.706478423479272,0.0820000022649765,0.00019213176343147348,5.788670557507679,1.711329442492321,0.1652396331922545,2023-01-04 16:57:19,2022-12-30 12:00:00,2023-01-06 13:59:35,Friday,12
9,b,2,29.597326385840837,14.583047499163847,15.014278886676992,12.706478423479272,0.0820000022649765,0.13512251358825217,0.8001700150170752,0.0,0.4312313875131448,2023-01-06 13:59:35,2022-12-23 19:12:14,2023-01-07 00:20:33,Friday,19
9,d,3,45.10529339761837,15.014278886676992,15.50796701177753,12.706478423479272,0.0,0.018983340899823727,1.0332622275768166,0.4667377724231834,0.026950352677355273,2023-01-07 00:20:33,2022-12-24 12:00:00,2023-01-07 12:11:28,Saturday,12
9,b,4,62.496453936682805,15.50796701177753,17.391160539064437,12.706478423479272,0.0,0.05187723147024956,1.559844243247781,0.0,1.8831935272869065,2023-01-07 12:11:28,2022-12-24 13:26:10,2023-01-09 09:23:16,Saturday,13
9,b,5,79.95098652154769,17.391160539064437,17.454532584864882,12.706478423479272,0.04100000113248825,0.04482270796105328,3.4769832481579783,0.023016751842021677,0.04035529395842443,2023-01-09 09:23:16,2022-12-26 12:00:00,2023-01-09 10:54:31,Monday,12
9,b,6,97.41772873247976,17.454532584864882,17.466742210932065,12.706478423479272,0.0820000022649765,0.09030308841646277,3.626835675546321,0.0,0.012209626067180714,2023-01-09 10:54:31,2022-12-26 15:02:38,2023-01-09 11:12:06,Monday,15
9,f,7,115.21666766772425,17.466742210932065,17.798938935244497,12.706478423479272,0.12300000339746475,0.1463332967432843,3.736075511072812,0.0,0.33219672431243186,2023-01-09 11:12:06,2022-12-26 17:39:56,2023-01-09 19:10:28,Monday,17
9,c,8,134.22178891938594,17.798938935244497,19.005121251661688,12.706478423479272,0.04100000113248825,0.30781952029261717,4.147758456669603,0.3522415433303969,0.8539407730867945,2023-01-09 19:10:28,2022-12-27 12:00:00,2023-01-11 00:07:22,Tuesday,12
9,c,9,155.59343203130774,19.005121251661688,21.371643111921795,12.706478423479272,0.0820000022649765,0.10814284775903019,5.195264101685694,2.3047358983143056,0.06178596194580016,2023-01-11 00:07:22,2022-12-30 12:00:00,2023-01-13 08:55:09,Friday,12
10,d,1,16.806909946756427,16.797850726142396,16.806909946756427,16.797850726142396,0.0820000022649765,0.11941118296326865,2.999261911370642,0.0,0.009059220614030987,2023-01-08 19:08:54,2022-12-25 23:58:56,2023-01-08 19:21:57,Sunday,23
11,e,1,17.738037338927484,17.26483474714308,17.738037338927484,17.26483474714308,0.04100000113248825,0.002731187704418928,3.3085659359799884,0.19143406402001162,0.28176852776439204,2023-01-09 06:21:21,2022-12-26 12:00:00,2023-01-09 17:42:46,Monday,12
12,b,1,18.063050102229884,17.719365098218674,18.063050102229884,17.719365098218674,0.04100000113248825,0.01752110001329546,3.777886199364456,0.0,0.3436850040112094,2023-01-09 17:15:53,2022-12-26 18:40:09,2023-01-10 01:30:47,Monday,18
12,b,2,36.438520061047235,18.063050102229884,18.37546995881735,17.719365098218674,0.0820000022649765,0.057463321013335386,4.202513425508197,0.2974865744918027,0.014933282095666333,2023-01-10 01:30:47,2022-12-27 12:00:00,2023-01-10 09:00:40,Tuesday,12
12,b,3,55.336275801659546,18.37546995881735,18.89775574061231,17.719365098218674,0.12300000339746475,0.19191914390289688,4.690389106117713,0.0,0.5222857817949588,2023-01-10 09:00:40,2022-12-27 16:34:09,2023-01-10 21:32:46,Tuesday,16
12,f,4,77.04560944386239,18.89775574061231,21.709333642202843,17.719365098218674,0.04100000113248825,0.12878747740347032,5.06754321914827,2.43245678085173,0.3791211207388028,2023-01-10 21:32:46,2022-12-30 12:00:00,2023-01-13 17:01:26,Friday,12
12,c,5,99.54595860219398,21.709333642202843,22.500349158331588,17.719365098218674,0.0820000022649765,0.01764123891483221,0.8089748833826533,0.0,0.7910155161287449,2023-01-13 17:01:26,2022-12-23 19:24:55,2023-01-14 12:00:30,Friday,19
13,b,1,18.956978461864214,18.84966238075036,18.956978461864214,18.84966238075036,0.0820000022649765,0.03834159926506487,4.970003982280399,0.0,0.10731608111385288,2023-01-10 20:23:30,2022-12-27 23:16:48,2023-01-10 22:58:02,Tuesday,23
13,b,2,41.18669953783464,18.956978461864214,22.22972107597043,18.84966238075036,0.04100000113248825,0.10232263062761333,5.100301093624317,2.399698906375683,0.8730437077305331,2023-01-10 22:58:02,2022-12-30 12:00:00,2023-01-14 05:30:47,Friday,12
13,f,3,64.29883809034071,22.22972107597043,23.11213855250607,18.84966238075036,0.0,0.11927448085506558,1.3489955568254963,0.15100444317450368,0.7314130333611347,2023-01-14 05:30:47,2022-12-24 12:00:00,2023-01-15 02:41:28,Saturday,12
13,f,4,87.89273482680275,23.11213855250607,23.59389673646205,18.84966238075036,0.0,0.16888924319332857,2.281027795699398,0.21897220430060216,0.2627859796553767,2023-01-15 02:41:28,2022-12-25 12:00:00,2023-01-15 14:15:12,Sunday,12
13,b,5,111.49325357479402,23.59389673646205,23.60051874799127,18.84966238075036,0.0820000022649765,0.02540666638438304,2.7013034051114104,0.0,0.006622011529221108,2023-01-15 14:15:12,2022-12-25 16:49:52,2023-01-15 14:24:44,Sunday,16
13,f,6,135.27226918349754,23.60051874799127,23.77901560870352,18.84966238075036,0.0820000022649765,0.10247073112669952,2.784989481382947,0.0,0.1784968607122522,2023-01-15 14:24:44,2022-12-25 18:50:23,2023-01-15 18:41:46,Sunday,18
13,c,7,159.12869784071955,23.77901560870352,23.856428657222004,18.84966238075036,0.0,0.009553697861459027,2.7885693065649804,0.0,0.07741304851848502,2023-01-15 18:41:46,2022-12-25 18:55:32,2023-01-15 20:33:15,Sunday,18
14,e,1,21.46817933559902,20.180213721560367,21.46817933559902,20.180213721560367,0.0820000022649765,0.03632148227123062,6.298535206096574,1.2014647939034262,0.08650082013522915,2023-01-12 04:19:30,2022-12-30 12:00:00,2023-01-13 11:14:10,Friday,12
15,e,1,21.847980836551724,20.237604923242756,21.847980836551724,20.237604923242756,0.04100000113248825,0.051832754641642685,6.330437679016889,1.1695623209831112,0.44081359232585743,2023-01-12 05:42:09,2022-12-30 12:00:00,2023-01-13 20:21:05,Friday,12
16,e,1,21.787572057176646,20.56850696793234,21.787572057176646,20.56850696793234,0.04100000113248825,0.07140765338060173,6.680914622445428,0.8190853775545719,0.3999797116897352,2023-01-12 13:38:39,2022-12-30 12:00:00,2023-01-13 18:54:06,Friday,12
17,d,1,22.22752468855826,21.038791979848163,22.22752468855826,21.038791979848163,0.04100000113248825,0.3746750053274703,0.4544669863081232,0.04553301369187679,1.1431996950182182,2023-01-13 00:55:51,2022-12-23 12:00:00,2023-01-14 05:27:38,Friday,12
17,b,2,44.52183603131512,22.22752468855826,22.294311342756863,21.038791979848163,0.04100000113248825,0.20935730008252798,1.4778819897732731,0.02211801022672688,0.04466864397187865,2023-01-14 05:27:38,2022-12-24 12:00:00,2023-01-14 07:03:48,Saturday,12
17,b,3,67.24507081009806,22.294311342756863,22.723234778782935,21.038791979848163,0.0820000022649765,0.10637237511117835,1.4826837201330179,0.017316279866982143,0.4116071561590881,2023-01-14 07:03:48,2022-12-24 12:00:00,2023-01-14 17:21:27,Saturday,12
17,b,4,90.06707218351875,22.723234778782935,22.822001373420687,21.038791979848163,0.0820000022649765,0.03891833098454784,1.8441531120324584,0.0,0.09876659463775145,2023-01-14 17:21:27,2022-12-24 20:15:34,2023-01-14 19:43:40,Saturday,20
17,f,5,113.71887887556292,22.822001373420687,23.651806692044172,21.038791979848163,0.04100000113248825,0.2005103947018884,2.0635117692550615,0.4364882307449385,0.39331708787854797,2023-01-14 19:43:40,2022-12-25 12:00:00,2023-01-15 15:38:36,Sunday,12
17,c,6,137.37179557707577,23.651806692044172,23.652916701512854,21.038791979848163,0.12300000339746475,0.03706523544038858,2.811871930882024,0.0,0.0011100094686841875,2023-01-15 15:38:36,2022-12-25 19:29:05,2023-01-15 15:40:12,Sunday,19
17,c,7,161.0777866164988,23.652916701512854,23.705991039423026,21.038791979848163,0.04100000113248825,0.0966200169582712,2.7905367196036153,0.0,0.053074337910172645,2023-01-15 15:40:12,2022-12-25 18:58:22,2023-01-15 16:56:37,Sunday,18
17,c,8,186.56061498466624,23.705991039423026,25.482828368167457,21.038791979848163,0.04100000113248825,0.1409416211733251,2.88793266172884,0.0,1.77683732874443,2023-01-15 16:56:37,2022-12-25 21:18:37,2023-01-17 11:35:16,Sunday,21
17,c,9,212.60471945174294,25.482828368167457,26.044104467076703,21.038791979848163,0.0820000022649765,0.009107749865733419,4.573936120298168,0.0,0.5612760989092473,2023-01-17 11:35:16,2022-12-27 13:46:28,2023-01-18 01:03:30,Tuesday,13
17,d,10,242.89286097951674,26.044104467076703,30.28814152777379,21.038791979848163,0.12300000339746475,0.018287542742434652,5.185392013216603,2.314607986783397,1.9294290739136868,2023-01-18 01:03:30,2022-12-30 12:00:00,2023-01-22 06:54:55,Friday,12
17,b,11,273.3646874517468,30.28814152777379,30.471826472230088,21.038791979848163,0.0820000022649765,0.2532631567344839,2.623404686773249,0.0,0.18368494445629896,2023-01-22 06:54:55,2022-12-25 14:57:42,2023-01-22 11:19:25,Sunday,14
17,f,12,303.97707779984296,30.471826472230088,30.612390348096163,21.038791979848163,0.04100000113248825,0.1810283516305289,2.6938548249931067,0.0,0.14056387586607436,2023-01-22 11:19:25,2022-12-25 16:39:09,2023-01-22 14:41:50,Sunday,16
17,f,13,336.5056366481643,30.612390348096163,32.528558848321346,21.038791979848163,0.0820000022649765,0.008460055749759833,2.7028504061108976,0.0,1.916168500225186,2023-01-22 14:41:50,2022-12-25 16:52:06,2023-01-24 12:41:07,Sunday,16
17,f,14,369.1350246811266,32.528558848321346,32.62938803296233,21.038791979848163,0.0820000022649765,0.10945635486154814,4.720015205447872,0.0,0.10082918464098847,2023-01-24 12:41:07,2022-12-27 17:16:49,2023-01-24 15:06:19,Tuesday,17
17,f,15,401.84864628820566,32.62938803296233,32.71362160707906,21.038791979848163,0.04100000113248825,0.04009574608836577,4.710483780183189,0.0,0.08423357411673199,2023-01-24 15:06:19,2022-12-27 17:03:05,2023-01-24 17:07:36,Tuesday,17
17,f,16,434.6853294602546,32.71362160707906,32.83668317204895,21.038791979848163,0.04100000113248825,0.11077124555029486,4.865392853761847,0.0,0.12306156496988965,2023-01-24 17:07:36,2022-12-27 20:46:09,2023-01-24 20:04:49,Tuesday,20
17,c,17,467.52588390039534,32.83668317204895,32.84055444014073,21.038791979848163,0.12300000339746475,0.028231936013788827,4.987915111460204,0.0,0.0038712680917807043,2023-01-24 20:04:49,2022-12-27 23:42:35,2023-01-24 20:10:23,Tuesday,23
18,b,1,21.463603258008522,21.34160864767334,21.463603258008522,21.34160864767334,0.04100000113248825,0.09905090328919024,0.4816595520950173,0.018340447904982682,0.10365416243019913,2023-01-13 08:11:54,2022-12-23 12:00:00,2023-01-13 11:07:35,Friday,12
18,b,2,44.292502074641455,21.463603258008522,22.828898816632933,21.34160864767334,0.0820000022649765,0.09053038421402597,0.6361336444875256,0.0,1.365295558624409,2023-01-13 11:07:35,2022-12-23 15:16:01,2023-01-14 19:53:36,Friday,15
18,b,3,68.11338962848762,22.828898816632933,23.820887553846173,21.34160864767334,0.0820000022649765,0.07268447348079786,1.9835832923787073,0.0,0.9919887372132402,2023-01-14 19:53:36,2022-12-24 23:36:21,2023-01-15 19:42:04,Saturday,23
18,b,4,94.31015682619244,23.820887553846173,26.196767197704816,21.34160864767334,0.0820000022649765,0.06922183468317213,2.972109390794323,0.0,2.375879643858642,2023-01-15 19:42:04,2022-12-25 23:19:50,2023-01-18 04:43:20,Sunday,23
18,b,5,123.29651996956333,26.196767197704816,28.986363143370895,21.34160864767334,0.04100000113248825,0.06758335732443803,5.305350556161741,2.1946494438382587,0.5949465018278208,2023-01-18 04:43:20,2022-12-30 12:00:00,2023-01-20 23:40:21,Friday,12
18,b,6,152.6933124246775,28.986363143370895,29.396792455114145,21.34160864767334,0.04100000113248825,0.06618774309315659,1.093550887596539,0.40644911240346104,0.003980199339790662,2023-01-20 23:40:21,2022-12-24 12:00:00,2023-01-21 09:31:22,Saturday,12
18,f,7,182.78347981807346,29.396792455114145,30.09016739339597,21.34160864767334,0.0,0.19556513206052714,1.5923575871746714,0.0,0.6933749382818245,2023-01-21 09:31:22,2022-12-24 14:12:59,2023-01-22 02:09:50,Saturday,14
18,c,8,213.49055550009365,30.09016739339597,30.70707568202018,21.34160864767334,0.12300000339746475,0.18868909590685215,2.4018564927002863,0.09814350729971366,0.5187647813244965,2023-01-22 02:09:50,2022-12-25 12:00:00,2023-01-22 16:58:11,Sunday,12
18,c,9,245.04343238067736,30.70707568202018,31.552876880583707,21.34160864767334,0.0820000022649765,0.15642124628289172,2.945496930568048,0.0,0.8458011985635276,2023-01-22 16:58:11,2022-12-25 22:41:30,2023-01-23 13:16:08,Sunday,22
19,e,1,21.593417494212733,21.51972438917101,21.593417494212733,21.51972438917101,0.0820000022649765,0.05268741583696182,0.6544118072729468,0.0,0.07369310504172498,2023-01-13 12:28:24,2022-12-23 15:42:21,2023-01-13 14:14:31,Friday,15
19,f,2,44.57796262356182,21.593417494212733,22.98454512934908,21.51972438917101,0.12300000339746475,0.07725877317472853,0.7936762707849283,0.0,1.391127635136347,2023-01-13 14:14:31,2022-12-23 19:02:53,2023-01-14 23:37:44,Friday,19
19,b,3,68.18966750004395,22.98454512934908,23.611704876482136,21.51972438917101,0.04100000113248825,0.05458236245337808,2.0801274929349454,0.41987250706505463,0.20728724006800273,2023-01-14 23:37:44,2022-12-25 12:00:00,2023-01-15 14:40:51,Sunday,12
19,b,4,92.71595172579862,23.611704876482136,24.52628422575467,21.51972438917101,0.0820000022649765,0.22291075804379717,2.916615636790908,0.0,0.9145793492725335,2023-01-15 14:40:51,2022-12-25 21:59:55,2023-01-16 12:37:50,Sunday,21
19,d,5,117.5664280305705,24.52628422575467,24.85047630477188,21.51972438917101,0.0820000022649765,0.16867946384479168,3.776963691864438,0.0,0.3241920790172118,2023-01-16 12:37:50,2022-12-26 18:38:49,2023-01-16 20:24:41,Monday,18
19,d,6,142.72206210021838,24.85047630477188,25.155634069647885,21.51972438917101,0.04100000113248825,0.03231499174785249,3.9237912976522225,0.0,0.30515776487600466,2023-01-16 20:24:41,2022-12-26 22:10:15,2023-01-17 03:44:06,Monday,22
19,d,7,169.06321763174356,25.155634069647885,26.34115553152519,21.51972438917101,0.0820000022649765,0.06231428512243867,4.299948357035301,0.20005164296469857,0.9854698189126071,2023-01-17 03:44:06,2022-12-27 12:00:00,2023-01-18 08:11:15,Tuesday,12
20,c,1,24.594929510338773,24.546286581388106,24.594929510338773,24.546286581388106,0.04100000113248825,0.01152633061362951,3.598812913134225,0.0,0.048642928950667595,2023-01-16 13:06:39,2022-12-26 14:22:17,2023-01-16 14:16:41,Monday,14
20,d,2,49.46184278836562,24.594929510338773,24.86691327802685,24.546286581388106,0.04100000113248825,0.05810798406380575,3.694037495535067,0.0,0.27198376768807814,2023-01-16 14:16:41,2022-12-26 16:39:24,2023-01-16 20:48:21,Monday,16
21,b,1,27.11927052478468,25.67977518096243,27.11927052478468,25.67977518096243,0.04100000113248825,0.11768171523277822,4.838456897327696,0.0,1.439495343822252,2023-01-17 16:18:52,2022-12-27 20:07:22,2023-01-19 02:51:44,Tuesday,20
21,b,2,55.458695910179266,27.11927052478468,28.339425385394584,25.67977518096243,0.0820000022649765,0.16845511318627282,6.369725640235931,1.1302743597640692,0.08988050084583182,2023-01-19 02:51:44,2022-12-30 12:00:00,2023-01-20 08:08:46,Friday,12
21,f,3,83.95702256707082,28.339425385394584,28.49832665689155,25.67977518096243,0.04100000113248825,0.11392044737460535,0.4943458339016793,0.005654166098320701,0.15324710539864306,2023-01-20 08:08:46,2022-12-23 12:00:00,2023-01-20 11:57:35,Friday,12
21,f,4,114.15702760363314,28.49832665689155,30.200005036562324,25.67977518096243,0.0820000022649765,0.02778017825260154,0.6081068374091281,0.0,1.7016783796707726,2023-01-20 11:57:35,2022-12-23 14:35:40,2023-01-22 04:48:00,Friday,14
21,f,5,144.93230931564432,30.200005036562324,30.77528171201117,25.67977518096243,0.0,0.14709206217706705,2.3470970987393898,0.15290290126061024,0.4223737741882384,2023-01-22 04:48:00,2022-12-25 12:00:00,2023-01-22 18:36:24,Sunday,12
21,f,6,176.77768767633745,30.77528171201117,31.845378360693147,25.67977518096243,0.04100000113248825,0.02457866510344515,2.840860378247104,0.0,1.0700966486819736,2023-01-22 18:36:24,2022-12-25 20:10:50,2023-01-23 20:17:20,Sunday,20
21,c,7,210.32675118186165,31.845378360693147,33.54906350552421,25.67977518096243,0.04100000113248825,0.10933481064800328,3.995713172473639,0.0,1.7036851448310641,2023-01-23 20:17:20,2022-12-26 23:53:49,2023-01-25 13:10:39,Monday,23
22,e,1,28.759927392364574,28.214960813129363,28.759927392364574,28.214960813129363,0.0820000022649765,0.018344489303467264,0.31530530469780516,0.18469469530219484,0.36027188393301707,2023-01-20 05:09:32,2022-12-23 12:00:00,2023-01-20 18:14:17,Friday,12
22,f,2,57.810900435258006,28.759927392364574,29.050973042893435,28.214960813129363,0.04100000113248825,0.1347285560656198,0.9356559495626833,0.0,0.2910456505288626,2023-01-20 18:14:17,2022-12-23 22:27:20,2023-01-21 01:13:24,Friday,22
22,f,3,87.1730454672017,29.050973042893435,29.362145031943697,28.214960813129363,0.04100000113248825,0.177705030727896,1.2696780747538199,0.23032192524618011,0.0808500638040835,2023-01-21 01:13:24,2022-12-24 12:00:00,2023-01-21 08:41:29,Saturday,12
22,c,4,117.10601550705341,29.362145031943697,29.932970039851707,28.214960813129363,0.04100000113248825,0.06478257139902514,1.4679276044752108,0.03207239552478924,0.5387526123832203,2023-01-21 08:41:29,2022-12-24 12:00:00,2023-01-21 22:23:28,Saturday,12
22,d,5,147.9071952239639,29.932970039851707,30.80117971691049,28.214960813129363,0.12300000339746475,0.014772868349948705,2.070742911599119,0.42925708840088106,0.4389525886579012,2023-01-21 22:23:28,2022-12-25 12:00:00,2023-01-22 19:13:41,Sunday,12
23,c,1,29.744265674955482,29.45441943794668,29.744265674955482,29.45441943794668,0.12300000339746475,0.0751009641422117,1.6525204054863565,0.0,0.2898462370088011,2023-01-21 10:54:21,2022-12-24 15:39:37,2023-01-21 17:51:44,Saturday,15
23,d,2,59.59808371846827,29.744265674955482,29.853818043512785,29.45441943794668,0.0820000022649765,0.07130890098520355,1.8975745782056634,0.0,0.10955236855730335,2023-01-21 17:51:44,2022-12-24 21:32:30,2023-01-21 20:29:29,Saturday,21
23,b,3,90.01553184294274,29.853818043512785,30.417448124474472,29.45441943794668,0.0820000022649765,0.083355123958714,2.019173169736476,0.48082683026352413,0.08280325069816287,2023-01-21 20:29:29,2022-12-25 12:00:00,2023-01-22 10:01:07,Sunday,12
23,b,4,120.65117303792289,30.417448124474472,30.63564119498015,29.45441943794668,0.0,0.010883436521052888,2.428331560995524,0.07166843900447617,0.14652463150120087,2023-01-22 10:01:07,2022-12-25 12:00:00,2023-01-22 15:15:19,Sunday,12
23,f,5,151.46220685871305,30.63564119498015,30.811033820790154,29.45441943794668,0.04100000113248825,0.0984237207218407,2.775064916834477,0.0,0.17539262581000442,2023-01-22 15:15:19,2022-12-25 18:36:05,2023-01-22 19:27:53,Sunday,18
23,b,6,182.2756956744712,30.811033820790154,30.81348881575814,29.45441943794668,0.0820000022649765,0.008224747876453546,2.901258570931585,0.0,0.002454994967986847,2023-01-22 19:27:53,2022-12-25 21:37:48,2023-01-22 19:31:25,Sunday,21
23,b,7,214.1349917119196,30.81348881575814,31.85929603744842,29.45441943794668,0.0820000022649765,0.16554273554882284,3.06103155357194,0.4389684464280599,0.6068387752622176,2023-01-22 19:31:25,2022-12-26 12:00:00,2023-01-23 20:37:23,Monday,12
23,b,8,246.00237713915578,31.85929603744842,31.86738542723617,29.45441943794668,0.04100000113248825,0.07328077204188095,3.973576810622788,0.0,0.008089389787749628,2023-01-23 20:37:23,2022-12-26 23:21:57,2023-01-23 20:49:02,Monday,23
23,f,9,278.37896225384554,31.86738542723617,32.37658511468977,29.45441943794668,0.0820000022649765,0.05199589302839293,4.001381322529539,0.4986186774704606,0.010581009983132177,2023-01-23 20:49:02,2022-12-27 12:00:00,2023-01-24 09:02:16,Tuesday,12
23,f,10,310.76651313058517,32.37658511468977,32.387550876739624,29.45441943794668,0.0,0.4434261687868249,4.820011283476589,0.0,0.010965762049857693,2023-01-24 09:02:16,2022-12-27 19:40:48,2023-01-24 09:18:04,Tuesday,19
23,f,11,343.1673920938016,32.387550876739624,32.40087896321645,29.45441943794668,0.0820000022649765,0.2617174706717313,4.731268349676334,0.0,0.013328086476827192,2023-01-24 09:18:04,2022-12-27 17:33:01,2023-01-24 09:37:15,Tuesday,17
23,f,12,376.41448026951514,32.40087896321645,33.24708817571354,29.45441943794668,0.0820000022649765,0.005470219218825423,4.488349184700255,0.011650815299745432,0.8345583971973484,2023-01-24 09:37:15,2022-12-27 12:00:00,2023-01-25 05:55:48,Tuesday,12
23,f,13,412.39364153752643,33.24708817571354,35.9791612680113,29.45441943794668,0.04100000113248825,0.0483929579412709,5.336481134787299,2.1635188652127013,0.5685542270850582,2023-01-25 05:55:48,2022-12-30 12:00:00,2023-01-27 23:29:59,Friday,12
23,f,14,449.49183518985444,35.9791612680113,37.09819365232802,29.45441943794668,0.0,0.4225079106875329,1.401669178698839,0.09833082130116111,1.0207015630155543,2023-01-27 23:29:59,2022-12-24 12:00:00,2023-01-29 02:21:23,Saturday,12
23,f,15,486.9724289764805,37.09819365232802,37.48059378662606,29.45441943794668,0.0,0.023279357617543624,2.121473009945568,0.37852699005443213,0.0038731442436080376,2023-01-29 02:21:23,2022-12-25 12:00:00,2023-01-29 11:32:03,Sunday,12
23,c,16,524.7106802590578,37.48059378662606,37.73825128257724,29.45441943794668,0.12300000339746475,0.07464038322864117,2.6782341732521644,0.0,0.25765749595118176,2023-01-29 11:32:03,2022-12-25 16:16:39,2023-01-29 17:43:04,Sunday,16
24,e,1,32.15585333991153,31.076288476171282,32.15585333991153,31.076288476171282,0.04100000113248825,0.01730623349331444,3.134594710797085,0.36540528920291493,0.714159574537334,2023-01-23 01:49:51,2022-12-26 12:00:00,2023-01-24 03:44:25,Monday,12
25,e,1,31.88733450074288,31.654258614474717,31.88733450074288,31.654258614474717,0.0820000022649765,0.02914283186993438,3.7654014486096266,0.0,0.23307588626816514,2023-01-23 15:42:07,2022-12-26 18:22:10,2023-01-23 21:17:45,Monday,18
26,e,1,35.93775757291228,33.08719358714136,35.93775757291228,33.08719358714136,0.0820000022649765,0.07057281076781292,5.2397664001741475,2.2602335998258525,0.5903303859450719,2023-01-25 02:05:33,2022-12-30 12:00:00,2023-01-27 22:30:22,Friday,12
27,f,1,35.56249241672586,33.45941560128856,35.56249241672586,33.45941560128856,0.04100000113248825,0.11519556323526738,5.615611165656318,1.8843888343436817,0.2186879810936128,2023-01-25 11:01:33,2022-12-30 12:00:00,2023-01-27 13:29:59,Friday,12
27,f,2,71.63264958492346,35.56249241672586,36.0701571681976,33.45941560128856,0.12300000339746475,0.08943023598031358,0.7749226561036409,0.0,0.5076647514717442,2023-01-27 13:29:59,2022-12-23 18:35:53,2023-01-28 01:41:01,Friday,18
27,c,3,110.34298592742155,36.0701571681976,38.71033634249809,33.45941560128856,0.0820000022649765,0.02413647997651118,1.1762936504390922,0.3237063495609078,2.316472824739578,2023-01-28 01:41:01,2022-12-24 12:00:00,2023-01-30 17:02:53,Saturday,12
27,d,4,149.9908481560388,38.71033634249809,39.64786222861726,33.45941560128856,0.12300000339746475,0.2489754851809605,4.082311831076517,0.41768816892348326,0.5198377171956873,2023-01-30 17:02:53,2022-12-27 12:00:00,2023-01-31 15:32:55,Tuesday,12
28,b,1,35.352189065120854,34.966482719327345,35.352189065120854,34.966482719327345,0.0,0.16611061501731897,0.13259333434466214,0.36740666565533786,0.0182996801381721,2023-01-26 23:11:44,2022-12-23 12:00:00,2023-01-27 08:27:09,Friday,12
28,f,2,71.27786446257875,35.352189065120854,35.92567539745789,34.966482719327345,0.0,0.03236297232213838,0.3845520374429938,0.11544796255700618,0.4580383697800244,2023-01-27 08:27:09,2022-12-23 12:00:00,2023-01-27 22:12:58,Friday,12
28,c,3,108.25333419031736,35.92567539745789,36.97546972773861,34.966482719327345,0.0820000022649765,0.0424730933849981,1.0501484931078622,0.4498515068921378,0.5999428233885894,2023-01-27 22:12:58,2022-12-24 12:00:00,2023-01-28 23:24:40,Saturday,12
28,c,4,145.76152649208655,36.97546972773861,37.508192301769185,34.966482719327345,0.0820000022649765,0.04934986610304067,2.1068195961066323,0.3931804038933677,0.1395421701372014,2023-01-28 23:24:40,2022-12-25 12:00:00,2023-01-29 12:11:47,Sunday,12
29,e,1,36.73883717601438,36.65719684924772,36.73883717601438,36.65719684924772,0.0,0.014584255299912655,1.6717811045476338,0.0,0.08164032676666148,2023-01-28 15:46:21,2022-12-24 16:07:21,2023-01-28 17:43:55,Saturday,16
30,d,1,40.2275867931075,39.63510229558122,40.2275867931075,39.63510229558122,0.12300000339746475,0.1099657701048334,4.86806806908352,0.0,0.5924844975262817,2023-01-31 15:14:32,2022-12-27 20:50:01,2023-02-01 05:27:43,Tuesday,20
30,b,2,82.85448850566874,40.2275867931075,42.62690171256125,39.63510229558122,0.0820000022649765,0.06462873339200663,5.374215528764481,2.1257844712355194,0.27353044821823175,2023-02-01 05:27:43,2022-12-30 12:00:00,2023-02-03 15:02:44,Friday,12
30,b,3,127.62422848001106,42.62690171256125,44.76973997434232,39.63510229558122,0.0820000022649765,0.12373443903899102,0.8326361538652165,0.0,2.142838261781071,2023-02-03 15:02:44,2022-12-23 19:58:59,2023-02-05 18:28:25,Friday,19
30,b,4,172.66687628623077,44.76973997434232,45.042647806219726,39.63510229558122,0.0,0.003981324655195469,2.773721298997515,0.0,0.2729078318774068,2023-02-05 18:28:25,2022-12-25 18:34:09,2023-02-06 01:01:24,Sunday,18
30,b,5,218.16725870055993,45.042647806219726,45.500382414329145,39.63510229558122,0.04100000113248825,0.011891633738771256,3.0955394410909847,0.40446055890901533,0.053274049200403226,2023-02-06 01:01:24,2022-12-26 12:00:00,2023-02-06 12:00:33,Monday,12
30,f,6,264.1245245003935,45.500382414329145,45.95726579983352,39.63510229558122,0.0820000022649765,0.014109570029690969,3.5964919866238105,0.0,0.456883385504379,2023-02-06 12:00:33,2022-12-26 14:18:56,2023-02-06 22:58:27,Monday,14
30,f,7,310.64453688888494,45.95726579983352,46.52001238849146,39.63510229558122,0.12300000339746475,0.050221794091696206,4.130487597322684,0.3695124026773158,0.19323418598062297,2023-02-06 22:58:27,2022-12-27 12:00:00,2023-02-07 12:28:49,Tuesday,12
30,f,8,358.2236031312774,46.52001238849146,47.57906624239243,39.63510229558122,0.0820000022649765,0.24186223842381796,4.843874629180256,0.0,1.0590538539009693,2023-02-07 12:28:49,2022-12-27 20:15:10,2023-02-08 13:53:51,Tuesday,20
30,f,9,407.98386591977584,47.57906624239243,49.760262788498444,39.63510229558122,0.0,0.04122132114047289,5.620287563532905,1.879712436467095,0.30148410963892064,2023-02-08 13:53:51,2022-12-30 12:00:00,2023-02-10 18:14:46,Friday,12
30,f,10,458.01446896320095,49.760262788498444,50.030603043425096,39.63510229558122,0.04100000113248825,0.031220642018801356,0.8324834316497345,0.0,0.2703402549266539,2023-02-10 18:14:46,2022-12-23 19:58:46,2023-02-11 00:44:04,Friday,19
30,f,11,508.5683955625241,50.030603043425096,50.55392659932312,39.63510229558122,0.04100000113248825,0.022450163913071218,1.0940532084706547,0.4059467915293453,0.11737676436868143,2023-02-11 00:44:04,2022-12-24 12:00:00,2023-02-11 13:17:39,Saturday,12
30,f,12,559.2091921320717,50.55392659932312,50.64079656954769,39.63510229558122,0.0820000022649765,0.11396157965539339,1.7498881812434917,0.0,0.0868699702245681,2023-02-11 13:17:39,2022-12-24 17:59:50,2023-02-11 15:22:44,Saturday,17
30,f,13,610.0637417689323,50.64079656954769,50.854549636860604,39.63510229558122,0.12300000339746475,0.20431885491731464,1.9681154278624717,0.0,0.2137530673129154,2023-02-11 15:22:44,2022-12-24 23:14:05,2023-02-11 20:30:33,Saturday,23
30,f,14,661.646778657687,50.854549636860604,51.58303688875464,39.63510229558122,0.0820000022649765,0.012379964239708788,1.9489296033652863,0.0,0.7284872518940398,2023-02-11 20:30:33,2022-12-24 22:46:27,2023-02-12 13:59:34,Saturday,22
30,f,15,713.337483152542,51.58303688875464,51.69070449485489,39.63510229558122,0.12300000339746475,0.2225772344758422,2.9286141266279486,0.0,0.10766760610025095,2023-02-12 13:59:34,2022-12-25 22:17:12,2023-02-12 16:34:36,Sunday,22
30,f,16,766.2576234093534,51.69070449485489,52.920140256811514,39.63510229558122,0.12300000339746475,0.018127394429532397,2.8318318926818904,0.0,1.229435761956623,2023-02-12 16:34:36,2022-12-25 19:57:50,2023-02-13 22:05:00,Sunday,19
30,c,17,819.7490268353107,52.920140256811514,53.49140342595727,39.63510229558122,0.0820000022649765,0.0035071472182879376,4.005647406294777,0.4943525937052229,0.07691057544053322,2023-02-13 22:05:00,2022-12-27 12:00:00,2023-02-14 11:47:37,Tuesday,12
30,d,18,873.9074408513491,53.49140342595727,54.158414016038364,39.63510229558122,0.12300000339746475,0.04503827465077486,4.659441704005509,0.0,0.6670105900810874,2023-02-14 11:47:37,2022-12-27 15:49:35,2023-02-15 03:48:06,Tuesday,15
30,d,19,930.8606828438757,54.158414016038364,56.95324199252657,39.63510229558122,0.04100000113248825,0.10715448275870132,5.306568499929554,2.193431500070446,0.6013964764177582,2023-02-15 03:48:06,2022-12-30 12:00:00,2023-02-17 22:52:40,Friday,12
31,e,1,43.542215057432884,43.29609810033443,43.542215057432884,43.29609810033443,0.04100000113248825,0.024552485580313414,1.3616505870472366,0.13834941295276337,0.10776754414568705,2023-02-04 07:06:22,2022-12-24 12:00:00,2023-02-04 13:00:47,Saturday,12
32,e,1,49.366361604345194,48.35990305774852,49.366361604345194,48.35990305774852,0.0,0.17625703879047613,6.5361600965389925,0.9638399034610075,0.04261864313567066,2023-02-09 08:38:15,2022-12-30 12:00:00,2023-02-10 08:47:33,Friday,12
33,d,1,52.56769648682358,52.19840308824867,52.56769648682358,52.19840308824867,0.0820000022649765,0.01152917375966617,3.2919322642733135,0.20806773572668646,0.16122566284822637,2023-02-13 04:45:42,2022-12-26 12:00:00,2023-02-13 13:37:28,Monday,12
33,d,2,105.28154778305372,52.56769648682358,52.71385129623014,52.19840308824867,0.0820000022649765,0.06886770208847509,3.7185641911770304,0.0,0.1461548094065621,2023-02-13 13:37:28,2022-12-26 17:14:43,2023-02-13 17:07:56,Monday,17
33,b,3,158.9572431330184,52.71385129623014,53.675695349964684,52.19840308824867,0.0,0.029028428147441818,3.7428797243775804,0.0,0.961844053734543,2023-02-13 17:07:56,2022-12-26 17:49:44,2023-02-14 16:13:00,Monday,17
33,b,4,214.2901448003948,53.675695349964684,55.33290166737641,52.19840308824867,0.0820000022649765,0.11945868304477289,4.877154035274437,0.0,1.6572063174117282,2023-02-14 16:13:00,2022-12-27 21:03:06,2023-02-16 07:59:22,Tuesday,21
33,f,5,270.707996578501,55.33290166737641,56.417851778106225,52.19840308824867,0.12300000339746475,0.0755088143424765,6.5314104851163535,0.9685895148836465,0.11636059584616969,2023-02-16 07:59:22,2022-12-30 12:00:00,2023-02-17 10:01:42,Friday,12
33,f,6,328.62633340305564,56.417851778106225,57.9183368245546,52.19840308824867,0.12300000339746475,0.2316246212348537,0.7724764027385405,0.0,1.500485046448372,2023-02-17 10:01:42,2022-12-23 18:32:21,2023-02-18 22:02:24,Friday,18
33,f,7,387.44297710631537,57.9183368245546,58.81664370325974,52.19840308824867,0.04100000113248825,0.008867264677671557,1.9682040903647575,0.0,0.8983068787051451,2023-02-18 22:02:24,2022-12-24 23:14:12,2023-02-19 19:35:58,Saturday,23
33,c,8,446.2964526647691,58.81664370325974,58.853475558453745,52.19840308824867,0.12300000339746475,0.03798262055735587,2.9776263272145655,0.0,0.03683185519400457,2023-02-19 19:35:58,2022-12-25 23:27:46,2023-02-19 20:29:00,Sunday,23
34,c,1,53.846308998723494,53.52723401064239,53.846308998723494,53.52723401064239,0.0820000022649765,0.11764831128814868,4.726882324195515,0.0,0.31907498808110196,2023-02-14 12:39:13,2022-12-27 17:26:42,2023-02-14 20:18:41,Tuesday,17
35,e,1,56.50699651500002,53.82270583609747,56.50699651500002,53.82270583609747,0.0820000022649765,0.11343840292751982,5.018144241289967,2.481855758710033,0.20243492019251427,2023-02-14 19:44:41,2022-12-30 12:00:00,2023-02-17 12:10:04,Friday,12
35,f,2,115.1617030495059,56.50699651500002,58.654706534505884,53.82270583609747,0.0,0.022227244648678476,0.5292237596486942,0.0,2.147710019505864,2023-02-17 12:10:04,2022-12-23 12:42:04,2023-02-19 15:42:46,Friday,12
35,c,3,173.87947896965176,58.654706534505884,58.71777592014586,53.82270583609747,0.04100000113248825,0.16925176977759124,2.8649583054159606,0.0,0.06306938563998009,2023-02-19 15:42:46,2022-12-25 20:45:32,2023-02-19 17:13:35,Sunday,20
36,e,1,56.627084061119945,53.95060779026745,56.627084061119945,53.95060779026745,0.04100000113248825,0.14572148538932675,5.137329276789259,2.3626707232107407,0.3138055476417545,2023-02-14 22:48:52,2022-12-30 12:00:00,2023-02-17 15:03:00,Friday,12
36,f,2,114.60242751823807,56.627084061119945,57.97534345711813,53.95060779026745,0.04100000113248825,0.038569887813871384,0.706653950066304,0.0,1.3482593959981861,2023-02-17 15:03:00,2022-12-23 16:57:34,2023-02-18 23:24:29,Friday,16
36,c,3,173.20332711469553,57.97534345711813,58.60089959645744,53.95060779026745,0.0820000022649765,0.07784545206682458,2.13518891144993,0.36481108855006994,0.2607450507892377,2023-02-18 23:24:29,2022-12-25 12:00:00,2023-02-19 14:25:17,Sunday,12
36,c,4,232.0325785047532,58.60089959645744,58.82925139005768,53.95060779026745,0.04100000113248825,0.12092308697214868,2.7628226845620745,0.0,0.22835179360023722,2023-02-19 14:25:17,2022-12-25 18:18:27,2023-02-19 19:54:07,Sunday,18
36,c,5,291.8832349966759,58.82925139005768,59.850656491922756,53.95060779026745,0.0820000022649765,0.21050961826165035,3.121761010584308,0.3782389894156921,0.6431661124493825,2023-02-19 19:54:07,2022-12-26 12:00:00,2023-02-20 20:24:56,Monday,12
36,c,6,351.83404400475507,59.850656491922756,59.95080900807916,53.95060779026745,0.04100000113248825,0.015970548834257282,3.907627041889498,0.0,0.100152516156406,2023-02-20 20:24:56,2022-12-26 21:46:58,2023-02-20 22:49:09,Monday,21
37,b,1,56.6349343114935,54.80361687353723,56.6349343114935,54.80361687353723,0.0820000022649765,0.046940803627470364,5.932557679429678,1.567442320570322,0.26387511738594854,2023-02-15 19:17:12,2022-12-30 12:00:00,2023-02-17 15:14:18,Friday,12
37,f,2,113.58606270634132,56.6349343114935,56.95112839484783,54.80361687353723,0.0820000022649765,0.061292276175509586,0.7782265899339862,0.0,0.31619408335432303,2023-02-17 15:14:18,2022-12-23 18:40:38,2023-02-17 22:49:37,Friday,18
37,c,3,171.29926498821123,56.95112839484783,57.71320228186991,54.80361687353723,0.04100000113248825,0.014750684139963659,1.006879080120278,0.49312091987972195,0.26895296714236366,2023-02-17 22:49:37,2022-12-24 12:00:00,2023-02-18 17:07:00,Saturday,12
37,c,4,230.31469123361495,57.71320228186991,59.015426245403724,54.80361687353723,0.04100000113248825,0.1586006093079967,1.9128028923103955,0.0,1.3022239635338153,2023-02-18 17:07:00,2022-12-24 21:54:26,2023-02-20 00:22:12,Saturday,21
38,e,1,59.670462334030056,59.18788399730842,59.670462334030056,59.18788399730842,0.0820000022649765,0.007415671218882535,3.2772996707922744,0.22270032920772564,0.2598780075139111,2023-02-20 04:30:33,2022-12-26 12:00:00,2023-02-20 16:05:27,Monday,12
39,c,1,59.38109267311518,59.28607185373947,59.38109267311518,59.28607185373947,0.12300000339746475,0.09906766498714491,3.5081395221240825,0.0,0.09502081937570736,2023-02-20 06:51:56,2022-12-26 12:11:43,2023-02-20 09:08:46,Monday,12
39,c,2,118.77821715701533,59.38109267311518,59.39712448390016,59.28607185373947,0.12300000339746475,0.003565511382960947,3.5076581878956006,0.0,0.016031810784982888,2023-02-20 09:08:46,2022-12-26 12:11:01,2023-02-20 09:31:51,Monday,12
39,d,3,178.35489989139336,59.39712448390016,59.57668273437803,59.28607185373947,0.04100000113248825,0.35566065655896156,3.7937851415916057,0.0,0.1795582504778754,2023-02-20 09:31:51,2022-12-26 19:03:03,2023-02-20 13:50:25,Monday,19
40,d,1,59.83254819945693,59.33789834113564,59.83254819945693,59.33789834113564,0.0820000022649765,0.023855903728709393,3.443754247129327,0.056245752870673016,0.43840410545061387,2023-02-20 08:06:34,2022-12-26 12:00:00,2023-02-20 19:58:52,Monday,12
40,d,2,120.19944547077944,59.83254819945693,60.36689727132251,59.33789834113564,0.04100000113248825,0.029328806144470285,3.9028770067338883,0.0,0.5343490718655781,2023-02-20 19:58:52,2022-12-26 21:40:08,2023-02-21 08:48:19,Monday,21
40,d,3,180.83936657741705,60.36689727132251,60.63992110663762,59.33789834113564,0.0820000022649765,0.116383587826847,4.56528086141433,0.0,0.27302383531511215,2023-02-21 08:48:19,2022-12-27 13:34:00,2023-02-21 15:21:29,Tuesday,13
40,d,4,241.85603440472948,60.63992110663762,61.016667827312446,59.33789834113564,0.04100000113248825,0.0016494355960663194,4.682570543366175,0.0,0.3767467206748257,2023-02-21 15:21:29,2022-12-27 16:22:54,2023-02-22 00:24:00,Tuesday,16
41,b,1,60.471225962400766,60.289243786260286,60.471225962400766,60.289243786260286,0.0820000022649765,0.26383082705989863,4.635074615585161,0.0,0.18198217614047846,2023-02-21 06:56:30,2022-12-27 15:14:30,2023-02-21 11:18:33,Tuesday,15
41,b,2,121.33129130496434,60.471225962400766,60.860065342563566,60.289243786260286,0.0820000022649765,0.025759760310772383,4.578985724976512,0.0,0.38883938016280145,2023-02-21 11:18:33,2022-12-27 13:53:44,2023-02-21 20:38:29,Tuesday,13
41,f,3,182.32841775851617,60.860065342563566,60.997126453551836,60.289243786260286,0.0820000022649765,0.00897194945001716,4.9510372942785565,0.0,0.13706111098827295,2023-02-21 20:38:29,2022-12-27 22:49:29,2023-02-21 23:55:51,Tuesday,22
41,f,4,247.19221626988337,60.997126453551836,64.86379851136722,60.289243786260286,0.0820000022649765,0.02215601376039651,5.101282469577207,2.3987175304227932,1.4679545273925871,2023-02-21 23:55:51,2022-12-30 12:00:00,2023-02-25 20:43:52,Friday,12
41,c,5,313.60954236611826,64.86379851136722,66.41732609623492,60.289243786260286,0.0820000022649765,0.014157210436359126,1.959955724068564,0.0,1.5535275848676928,2023-02-25 20:43:52,2022-12-24 23:02:20,2023-02-27 10:00:56,Saturday,23
42,e,1,63.65130888316601,62.72050493287227,63.65130888316601,62.72050493287227,0.0820000022649765,0.1685927266905425,6.971097661827784,0.528902338172216,0.40190161212152425,2023-02-23 17:17:31,2022-12-30 12:00:00,2023-02-24 15:37:53,Friday,12
42,f,2,127.63702467003355,63.65130888316601,63.98571578686754,62.72050493287227,0.0820000022649765,0.1521501604023552,0.8854590458333433,0.0,0.3344069037015273,2023-02-24 15:37:53,2022-12-23 21:15:03,2023-02-24 23:39:25,Friday,21
42,f,3,192.05447940039613,63.98571578686754,64.41745473036259,62.72050493287227,0.04100000113248825,0.14419581267114648,1.1709116006711753,0.3290883993288247,0.10265054416621919,2023-02-24 23:39:25,2022-12-24 12:00:00,2023-02-25 10:01:08,Saturday,12
42,f,4,256.9520083660824,64.41745473036259,64.89752896568623,62.72050493287227,0.0,0.01247357956992964,1.4299283099325208,0.07007169006747915,0.41000254525615615,2023-02-25 10:01:08,2022-12-24 12:00:00,2023-02-25 21:32:26,Saturday,12
42,c,5,322.2607581954521,64.89752896568623,65.3087498293697,62.72050493287227,0.04100000113248825,0.05408653694750679,1.9926155037662312,0.0,0.4112208636834633,2023-02-25 21:32:26,2022-12-24 23:49:21,2023-02-26 07:24:35,Saturday,23
42,c,6,387.76552977197395,65.3087498293697,65.50477157652183,62.72050493287227,0.12300000339746475,0.032821887642066276,2.464571720409239,0.03542827959076078,0.1605934675613764,2023-02-26 07:24:35,2022-12-25 12:00:00,2023-02-26 12:06:52,Sunday,12
42,d,7,453.41549949932096,65.50477157652183,65.64996972734698,62.72050493287227,0.04100000113248825,0.14513156788052622,2.690903145534847,0.0,0.14519815082515913,2023-02-26 12:06:52,2022-12-25 16:34:54,2023-02-26 15:35:57,Sunday,16
42,b,8,519.0738359022212,65.64996972734698,65.65833640290023,62.72050493287227,0.0820000022649765,0.1649884026268722,2.8969581322388365,0.0,0.00836667555324569,2023-02-26 15:35:57,2022-12-25 21:31:37,2023-02-26 15:48:00,Sunday,21
42,b,9,585.0304760442614,65.65833640290023,65.95664014204019,62.72050493287227,0.0820000022649765,0.027947644469295208,2.7682840496345023,0.0,0.29830373913995356,2023-02-26 15:48:00,2022-12-25 18:26:19,2023-02-26 22:57:33,Sunday,18
42,f,10,651.4460071424114,65.95664014204019,66.41553109815,62.72050493287227,0.0820000022649765,0.013438252213062399,3.052078396518226,0.4479216034817739,0.010969352628044398,2023-02-26 22:57:33,2022-12-26 12:00:00,2023-02-27 09:58:21,Monday,12
42,c,11,717.9284287613654,66.41553109815,66.48242161895394,62.72050493287227,0.04100000113248825,0.036665238000135936,3.493196337282626,0.006803662717373982,0.06008685808656453,2023-02-27 09:58:21,2022-12-26 12:00:00,2023-02-27 11:34:41,Monday,12
42,c,12,786.7095037082069,66.48242161895394,68.78107494684153,62.72050493287227,0.04100000113248825,0.05432458611260989,3.5777462061990377,0.0,2.298653327887597,2023-02-27 11:34:41,2022-12-26 13:51:57,2023-03-01 18:44:44,Monday,13
42,d,13,858.1398686892327,68.78107494684153,71.43036498102586,62.72050493287227,0.0820000022649765,0.021701244647226822,5.884776193753737,1.615223806246263,1.0340662279380626,2023-03-01 18:44:44,2022-12-30 12:00:00,2023-03-04 10:19:43,Friday,12
42,d,14,929.9642654663912,71.43036498102586,71.82439677715853,62.72050493287227,0.0,0.1477320096848173,1.5780969907106766,0.0,0.3940317961326639,2023-03-04 10:19:43,2022-12-24 13:52:27,2023-03-04 19:47:07,Saturday,13
42,d,15,1002.329863790772,71.82439677715853,72.36559832438078,62.72050493287227,0.12300000339746475,0.10887101657784444,2.0562677971338417,0.44373220286615833,0.09746934435609587,2023-03-04 19:47:07,2022-12-25 12:00:00,2023-03-05 08:46:27,Sunday,12
42,b,16,1076.1245783411464,72.36559832438078,73.79471455037434,62.72050493287227,0.12300000339746475,0.06995879580482586,2.5585571235830713,0.0,1.4291162259935517,2023-03-05 08:46:27,2022-12-25 13:24:19,2023-03-06 19:04:23,Sunday,13
42,f,17,1150.241107097538,73.79471455037434,74.11652875639157,62.72050493287227,0.04100000113248825,0.35100857530914353,4.186723126815963,0.3132768731840372,0.008537332833201197,2023-03-06 19:04:23,2022-12-27 12:00:00,2023-03-07 02:47:48,Tuesday,12
42,c,18,1224.6956436402054,74.11652875639157,74.45453654266757,62.72050493287227,0.0820000022649765,0.10005573786824884,4.298584496524796,0.20141550347520365,0.13659228280079724,2023-03-07 02:47:48,2022-12-27 12:00:00,2023-03-07 10:54:31,Tuesday,12
42,c,19,1299.789028827692,74.45453654266757,75.09338518748656,62.72050493287227,0.04100000113248825,0.017122734357821166,4.512659278157884,0.0,0.6388486448189952,2023-03-07 10:54:31,2022-12-27 12:18:13,2023-03-08 02:14:28,Tuesday,12
43,d,1,63.395881166689506,63.33731814091651,63.395881166689506,63.33731814091651,0.04100000113248825,0.08467419199646681,0.4629923340454667,0.03700766595453331,0.021555359818466097,2023-02-24 08:05:44,2022-12-23 12:00:00,2023-02-24 09:30:04,Friday,12
43,d,2,127.18194785490056,63.395881166689506,63.78606668821106,63.33731814091651,0.04100000113248825,0.0790608652763471,0.5159420330983409,0.0,0.39018552152155017,2023-02-24 09:30:04,2022-12-23 12:22:57,2023-02-24 18:51:56,Friday,12
43,b,3,190.98767520626328,63.78606668821106,63.80572735136271,63.33731814091651,0.12300000339746475,0.03911298128831052,0.9481796728968348,0.0,0.019660663151651398,2023-02-24 18:51:56,2022-12-23 22:45:22,2023-02-24 19:20:14,Friday,22
43,b,4,255.55102389497088,63.80572735136271,64.5633486887076,63.33731814091651,0.04100000113248825,0.14683888319632465,0.9935662356915245,0.0,0.7576213373448909,2023-02-24 19:20:14,2022-12-23 23:50:44,2023-02-25 13:31:13,Friday,23
43,f,5,320.30973558658724,64.5633486887076,64.75871169161634,63.33731814091651,0.04100000113248825,0.08302842824273392,1.6873771180828214,0.0,0.1953630029087364,2023-02-25 13:31:13,2022-12-24 16:29:49,2023-02-25 18:12:32,Saturday,16
43,f,6,388.3988066648252,64.75871169161634,68.08907107823794,63.33731814091651,0.0820000022649765,0.09501772084422543,1.935729414725543,0.0,3.3303593866215904,2023-02-25 18:12:32,2022-12-24 22:27:27,2023-03-01 02:08:15,Saturday,22
43,f,7,460.40868870292775,68.08907107823794,72.00988203810257,63.33731814091651,0.04100000113248825,0.003268208146451159,5.1333392875168755,2.3666607124831245,1.5541502473815174,2023-03-01 02:08:15,2022-12-30 12:00:00,2023-03-05 00:14:13,Friday,12
43,f,8,534.7298366146815,72.00988203810257,74.32114791175377,63.33731814091651,0.04100000113248825,0.11739617162489195,2.1682782108599525,0.33172178914004746,1.979544084511146,2023-03-05 00:14:13,2022-12-25 12:00:00,2023-03-07 07:42:27,Sunday,12
43,c,9,609.2070610788409,74.32114791175377,74.47722446415938,63.33731814091651,0.12300000339746475,0.01902627603504583,4.463174191186283,0.036825808813716776,0.1192507435918969,2023-03-07 07:42:27,2022-12-27 12:00:00,2023-03-07 11:27:12,Tuesday,12
43,d,10,683.8174875871193,74.47722446415938,74.61042650827845,63.33731814091651,0.0820000022649765,0.11211720554157904,4.6713416719659335,0.0,0.1332020441190778,2023-03-07 11:27:12,2022-12-27 16:06:43,2023-03-07 14:39:00,Tuesday,16
44,f,1,63.53328335918404,63.344941986344445,63.53328335918404,63.344941986344445,0.04100000113248825,0.06815091469083431,0.45409290216776554,0.045907097832234456,0.14243427500735845,2023-02-24 08:16:42,2022-12-23 12:00:00,2023-02-24 12:47:55,Friday,12
44,c,2,127.31498253372463,63.53328335918404,63.78169917454059,63.344941986344445,0.04100000113248825,0.021326811609715737,0.5956101719262463,0.0,0.24841581535655044,2023-02-24 12:47:55,2022-12-23 14:17:40,2023-02-24 18:45:38,Friday,14
44,d,3,192.46657081225806,63.78169917454059,65.15158827853342,63.344941986344445,0.12300000339746475,0.03798792598548782,0.9426871039235465,0.0,1.3698891039928356,2023-02-24 18:45:38,2022-12-23 22:37:28,2023-02-26 03:38:17,Friday,22
44,b,4,258.8327388096091,65.15158827853342,66.36616799735107,63.344941986344445,0.0,0.27435203517450635,2.425940313707926,0.07405968629207393,1.1405200325255664,2023-02-26 03:38:17,2022-12-25 12:00:00,2023-02-27 08:47:16,Sunday,12
44,b,5,325.8394097519214,66.36616799735107,67.00667094231224,63.344941986344445,0.12300000339746475,0.05365083746369759,3.542818838212227,0.0,0.6405029449611699,2023-02-27 08:47:16,2022-12-26 13:01:39,2023-02-28 00:09:36,Monday,13
44,b,6,393.22720424844914,67.00667094231224,67.38779449652776,63.344941986344445,0.0820000022649765,0.0316253415049543,4.120296286082166,0.3797037139178343,0.0014198402976801508,2023-02-28 00:09:36,2022-12-27 12:00:00,2023-02-28 09:18:25,Tuesday,12
44,b,7,461.06936618982627,67.38779449652776,67.84216194137713,63.344941986344445,0.0820000022649765,0.09909281264367047,4.568887311436413,0.0,0.454367444849368,2023-02-28 09:18:25,2022-12-27 13:39:11,2023-02-28 20:12:42,Tuesday,13
44,b,8,531.3504800511339,67.84216194137713,70.28111386130763,63.344941986344445,0.0820000022649765,0.14006942207698012,5.064231365719081,2.435768634280919,0.0031832856495781115,2023-02-28 20:12:42,2022-12-30 12:00:00,2023-03-03 06:44:48,Friday,12
44,f,9,601.8663496530254,70.28111386130763,70.51586960189151,63.344941986344445,0.04100000113248825,0.015737127458078648,0.3378509898982003,0.16214901010179972,0.072606730482073,2023-03-03 06:44:48,2022-12-23 12:00:00,2023-03-03 12:22:51,Friday,12
44,f,10,672.3824137387189,70.51586960189151,70.51606408569356,63.344941986344445,0.0820000022649765,0.12155035750936212,0.7194199616658494,0.0,0.00019448380204853345,2023-03-03 12:22:51,2022-12-23 17:15:57,2023-03-03 12:23:07,Friday,17
44,c,11,743.479271764272,70.51606408569356,71.096858025553,63.344941986344445,0.04100000113248825,0.12000089045993274,0.6770649772859798,0.0,0.5807939398594457,2023-03-03 12:23:07,2022-12-23 16:14:58,2023-03-04 02:19:28,Friday,16
44,d,12,814.8727134810231,71.096858025553,71.39344171675106,63.344941986344445,0.0820000022649765,0.17555287347102333,1.3544109012890004,0.14558909871099956,0.15099459248705802,2023-03-04 02:19:28,2022-12-24 12:00:00,2023-03-04 09:26:33,Saturday,12
45,d,1,65.4488771555747,65.41080321990717,65.4488771555747,65.41080321990717,0.0,0.19296274892943424,2.6037659688365977,0.0,0.038073935667542476,2023-02-26 09:51:33,2022-12-25 14:29:25,2023-02-26 10:46:22,Sunday,14
45,d,2,130.93932757278952,65.4488771555747,65.4904504172148,65.41080321990717,0.12300000339746475,0.05133378410215389,2.6232109430743265,0.0,0.04157326164008939,2023-02-26 10:46:22,2022-12-25 14:57:25,2023-02-26 11:46:14,Sunday,14
46,b,1,66.94954226762289,66.62005805462653,66.94954226762289,66.62005805462653,0.12300000339746475,0.0424486339509728,3.785506691974959,0.0,0.3294842129963562,2023-02-27 14:52:53,2022-12-26 18:51:07,2023-02-27 22:47:20,Monday,18
46,b,2,135.40796485791503,66.94954226762289,68.45842259029213,66.62005805462653,0.12300000339746475,0.026150170750494268,4.098692441770851,0.4013075582291492,1.1075727644400928,2023-02-27 22:47:20,2022-12-27 12:00:00,2023-03-01 11:00:07,Tuesday,12
46,f,3,207.17250391394424,68.45842259029213,71.76453905602922,66.62005805462653,0.04100000113248825,0.03621754570886842,5.535640137133484,1.964359862866516,1.3417566028705694,2023-03-01 11:00:07,2022-12-30 12:00:00,2023-03-04 18:20:56,Friday,12
46,f,4,279.8204917290704,71.76453905602922,72.64798781512617,66.62005805462653,0.04100000113248825,0.17180889192515345,1.9773479490868624,0.0,0.8834487590969496,2023-03-04 18:20:56,2022-12-24 23:27:22,2023-03-05 15:33:06,Saturday,23
46,c,5,352.57896609321017,72.64798781512617,72.75847436413977,66.62005805462653,0.0,0.11842426984841573,2.76641208497459,0.0,0.11048654901359574,2023-03-05 15:33:06,2022-12-25 18:23:38,2023-03-05 18:12:12,Sunday,18
46,d,6,425.5251914209674,72.75847436413977,72.94622532775722,66.62005805462653,0.0,0.04942971183117806,2.807904075970953,0.0,0.18775096361744792,2023-03-05 18:12:12,2022-12-25 19:23:22,2023-03-05 22:42:33,Sunday,19
46,d,7,500.57115009137937,72.94622532775722,75.04595867041193,66.62005805462653,0.0820000022649765,0.030511284957879452,3.058736614980077,0.4412633850199228,1.658469957634786,2023-03-05 22:42:33,2022-12-26 12:00:00,2023-03-08 01:06:10,Monday,12
46,d,8,578.1492539147315,75.04595867041193,77.57810382335217,66.62005805462653,0.12300000339746475,0.15932266564907338,5.328281339458471,2.1717186605415293,0.36042649239869773,2023-03-08 01:06:10,2022-12-30 12:00:00,2023-03-10 13:52:28,Friday,12
47,c,1,67.53604410327526,67.18036987616136,67.53604410327526,67.18036987616136,0.04100000113248825,0.04005204252234281,4.2614219198162,0.23857808018379956,0.11709614693010169,2023-02-28 04:19:43,2022-12-27 12:00:00,2023-02-28 12:51:54,Tuesday,12
47,d,2,135.2422463859064,67.53604410327526,67.70620228263117,67.18036987616136,0.04100000113248825,0.04488158409026037,4.62192568849801,0.0,0.17015817935590322,2023-02-28 12:51:54,2022-12-27 14:55:34,2023-02-28 16:56:55,Tuesday,14
48,b,1,69.93580150966261,68.97455777557637,69.93580150966261,68.97455777557637,0.0820000022649765,0.5201599282837776,6.576717706125123,0.9232822938748768,0.037961440211366285,2023-03-01 23:23:21,2022-12-30 12:00:00,2023-03-02 22:27:33,Friday,12
48,b,2,140.5150938392726,69.93580150966261,70.57929232960998,68.97455777557637,0.0820000022649765,0.03222321279992117,0.050024724727506964,0.44997527527249304,0.19351554467487675,2023-03-02 22:27:33,2022-12-23 12:00:00,2023-03-03 13:54:10,Friday,12
48,b,3,211.74047855171335,70.57929232960998,71.22538471244076,68.97455777557637,0.04100000113248825,0.12875268535748838,0.7490450160999558,0.0,0.6460923828307754,2023-03-03 13:54:10,2022-12-23 17:58:37,2023-03-04 05:24:33,Friday,17
48,b,4,283.17421265323895,71.22538471244076,71.43373410152559,68.97455777557637,0.12300000339746475,0.013238419406079316,1.361623135244301,0.1383768647556991,0.06997252432912454,2023-03-04 05:24:33,2022-12-24 12:00:00,2023-03-04 10:24:34,Saturday,12
48,d,5,354.67343181906097,71.43373410152559,71.49921916582201,68.97455777557637,0.04100000113248825,0.08388206201649957,1.558616164674575,0.0,0.06548506429642971,2023-03-04 10:24:34,2022-12-24 13:24:24,2023-03-04 11:58:52,Saturday,13
48,b,6,426.1782808460023,71.49921916582201,71.50484902694132,68.97455777557637,0.04100000113248825,0.20795680207474487,1.7481759690292478,0.0,0.005629861119303799,2023-03-04 11:58:52,2022-12-24 17:57:22,2023-03-04 12:06:58,Saturday,17
48,d,7,498.2896457476682,71.50484902694132,72.11136490166591,68.97455777557637,0.0820000022649765,0.5708574987351502,2.1577065279414427,0.3422934720585573,0.26422240266603814,2023-03-04 12:06:58,2022-12-25 12:00:00,2023-03-05 02:40:21,Sunday,12
48,b,8,570.6515180415188,72.11136490166591,72.36187229385055,68.97455777557637,0.0,0.13909019359274183,2.250455095258644,0.24954490474135582,0.0009624874432853878,2023-03-05 02:40:21,2022-12-25 12:00:00,2023-03-05 08:41:05,Sunday,12
48,b,9,643.9893174865341,72.36187229385055,73.33779944501532,68.97455777557637,0.04100000113248825,0.0627857869297796,2.465658081912821,0.034341918087179124,0.9415852330775848,2023-03-05 08:41:05,2022-12-25 12:00:00,2023-03-06 08:06:25,Sunday,12
48,b,10,717.5353870593001,73.33779944501532,73.54606957276597,68.97455777557637,0.0820000022649765,0.1757014705555091,3.595500917835807,0.0,0.20827012775064938,2023-03-06 08:06:25,2022-12-26 14:17:31,2023-03-06 13:06:20,Monday,14
48,b,11,791.1600733333362,73.54606957276597,73.62468627403604,68.97455777557637,0.0820000022649765,0.11759369854885757,3.745663273579808,0.0,0.0786167012700598,2023-03-06 13:06:20,2022-12-26 17:53:45,2023-03-06 14:59:32,Monday,17
48,b,12,865.5456837102504,73.62468627403604,74.38561037691422,68.97455777557637,0.0820000022649765,0.04252273001380526,3.749209006314814,0.0,0.7609241028781765,2023-03-06 14:59:32,2022-12-26 17:58:51,2023-03-07 09:15:16,Monday,17
48,f,13,940.3378536834578,74.38561037691422,74.79216997320736,68.97455777557637,0.0,0.00576876039955916,4.391379137313777,0.10862086268622306,0.297938733606924,2023-03-07 09:15:16,2022-12-27 12:00:00,2023-03-07 19:00:43,Tuesday,12
48,c,14,1015.8018076267505,74.79216997320736,75.46395394329272,68.97455777557637,0.0820000022649765,0.014229099190921664,4.888399074663269,0.0,0.6717839700853521,2023-03-07 19:00:43,2022-12-27 21:19:17,2023-03-08 11:08:05,Tuesday,21
49,e,1,71.50679650784635,71.26721947024106,71.50679650784635,71.26721947024106,0.04100000113248825,0.04046060793011164,1.3486800793036622,0.15131992069633782,0.08825711690894474,2023-03-04 06:24:47,2022-12-24 12:00:00,2023-03-04 12:09:47,Saturday,12
50,e,1,71.62334424723333,71.4623614263967,71.62334424723333,71.4623614263967,0.12300000339746475,0.013849594430887078,1.599211024225042,0.0,0.16098282083663448,2023-03-04 11:05:48,2022-12-24 14:22:51,2023-03-04 14:57:36,Saturday,14
50,b,2,143.7349629964445,71.62334424723333,72.11161874921115,71.4623614263967,0.0,0.4291970506816637,2.052541297914999,0.44745870208500094,0.040815799892807404,2023-03-04 14:57:36,2022-12-25 12:00:00,2023-03-05 02:40:43,Sunday,12
50,b,3,216.59919046927592,72.11161874921115,72.86422747283143,71.4623614263967,0.04100000113248825,0.045746851306778975,2.1983656016504085,0.3016343983495915,0.4509743252706985,2023-03-05 02:40:43,2022-12-25 12:00:00,2023-03-05 20:44:29,Sunday,12
50,b,4,291.06425798325216,72.86422747283143,74.46506751397625,71.4623614263967,0.0820000022649765,0.00929372467621986,2.955521199772633,0.0,1.6008400411448187,2023-03-05 20:44:29,2022-12-25 22:55:57,2023-03-07 11:09:41,Sunday,22
50,b,5,365.57373838031526,74.46506751397625,74.50948039706307,71.4623614263967,0.04100000113248825,0.28112678786665085,4.787194302975394,0.0,0.04441288308682648,2023-03-07 11:09:41,2022-12-27 18:53:33,2023-03-07 12:13:39,Tuesday,18
50,f,6,440.19951480375016,74.50948039706307,74.62577642343493,71.4623614263967,0.12300000339746475,0.1190127146228497,4.751493115083392,0.0,0.11629602637185647,2023-03-07 12:13:39,2022-12-27 18:02:09,2023-03-07 15:01:07,Tuesday,18
50,f,7,517.8887645204367,74.62577642343493,77.68924971668655,71.4623614263967,0.0820000022649765,0.39587285359617796,5.103649279296079,2.3963507207039214,0.6671225725477024,2023-03-07 15:01:07,2022-12-30 12:00:00,2023-03-10 16:32:31,Friday,12
50,c,8,595.788846358344,77.68924971668655,77.90008183790734,71.4623614263967,0.0820000022649765,0.07024209791483725,0.8414918168663661,0.0,0.21083212122079112,2023-03-10 16:32:31,2022-12-23 20:11:44,2023-03-10 21:36:07,Friday,20
50,d,9,674.2829581144742,77.90008183790734,78.49411175613021,71.4623614263967,0.04100000113248825,0.189679521903126,1.1307613609429552,0.3692386390570448,0.22479127916583236,2023-03-10 21:36:07,2022-12-24 12:00:00,2023-03-11 11:51:31,Saturday,12
51,e,1,73.47452226658231,73.06562094679651,73.47452226658231,73.06562094679651,0.0820000022649765,0.09818278826013328,3.245803737321623,0.25419626267837714,0.1547050571074268,2023-03-06 01:34:29,2022-12-26 12:00:00,2023-03-06 11:23:18,Monday,12
52,d,1,73.54757344680182,73.29428282474362,73.54757344680182,73.29428282474362,0.12300000339746475,0.03536470141310341,3.4526475295541843,0.0473524704458157,0.20593815161238865,2023-03-06 07:03:46,2022-12-26 12:00:00,2023-03-06 13:08:30,Monday,12
52,b,2,147.25890657829808,73.54757344680182,73.71133313149625,73.29428282474362,0.04100000113248825,0.15787622102115897,3.7464496689554636,0.0,0.16375968469442925,2023-03-06 13:08:30,2022-12-26 17:54:53,2023-03-06 17:04:19,Monday,17
52,b,3,222.5647560615185,73.71133313149625,75.3058494832204,73.29428282474362,0.0820000022649765,0.045595218388058856,3.8389283521492814,0.0,1.5945163517241516,2023-03-06 17:04:19,2022-12-26 20:08:03,2023-03-08 07:20:25,Monday,20
52,b,4,300.22491480739393,75.3058494832204,77.66015874587546,73.29428282474362,0.0820000022649765,0.0673557025305766,5.4552051880159524,2.0447948119840476,0.30951445067102024,2023-03-08 07:20:25,2022-12-30 12:00:00,2023-03-10 15:50:37,Friday,12
52,b,5,378.07467230451635,77.66015874587546,77.84975749712244,73.29428282474362,0.04100000113248825,0.19328056346335767,0.8944393104713129,0.0,0.1895987512469792,2023-03-10 15:50:37,2022-12-23 21:27:59,2023-03-10 20:23:39,Friday,21
52,b,6,455.93808809817904,77.84975749712244,77.86341579366267,73.29428282474362,0.04100000113248825,0.022652960267719124,0.9134104585226481,0.0,0.01365829654022289,2023-03-10 20:23:39,2022-12-23 21:55:18,2023-03-10 20:43:19,Friday,21
52,b,7,534.6241955553012,77.86341579366267,78.68610745712216,73.29428282474362,0.04100000113248825,0.20332360962702378,1.1077394044221762,0.3922605955778238,0.43043106788166646,2023-03-10 20:43:19,2022-12-24 12:00:00,2023-03-11 16:27:59,Saturday,12
52,b,8,613.3297070608085,78.68610745712216,78.70551150550725,73.29428282474362,0.0,0.07072822788831858,1.7568356850104863,0.0,0.0194040483850911,2023-03-11 16:27:59,2022-12-24 18:09:50,2023-03-11 16:55:56,Saturday,18
52,f,9,692.206539059182,78.70551150550725,78.87683199837355,73.29428282474362,0.0820000022649765,0.026115752916701138,1.8136272606889179,0.0,0.17132049286630516,2023-03-11 16:55:56,2022-12-24 19:31:37,2023-03-11 21:02:38,Saturday,19
52,c,10,772.8593090982978,78.87683199837355,80.65277003911577,73.29428282474362,0.12300000339746475,0.023612215826288703,2.0234442175973015,0.47655578240269847,1.2993822583395167,2023-03-11 21:02:38,2022-12-25 12:00:00,2023-03-13 15:39:59,Sunday,12
53,d,1,73.48590783115085,73.44722296637123,73.48590783115085,73.44722296637123,0.0820000022649765,0.05559466986496283,3.584817638501164,0.0,0.03868486477962832,2023-03-06 10:44:00,2022-12-26 14:02:08,2023-03-06 11:39:42,Monday,14
54,d,1,78.93603864763165,77.0743362658447,78.93603864763165,77.0743362658447,0.04100000113248825,0.20013732483260419,0.3154735918098055,0.1845264081901945,1.6771759735967533,2023-03-10 01:47:02,2022-12-23 12:00:00,2023-03-11 22:27:53,Friday,12
54,b,2,158.2495200937878,78.93603864763165,79.31348144615613,77.0743362658447,0.04100000113248825,0.26321955278803455,2.240258201552166,0.25974179844783407,0.11770100007664452,2023-03-11 22:27:53,2022-12-25 12:00:00,2023-03-12 07:31:24,Sunday,12
54,f,3,239.8988220581773,79.31348144615613,81.64930196438951,77.0743362658447,0.0,0.0862090337935597,2.3996904799496974,0.10030952005030258,2.2355109981830785,2023-03-12 07:31:24,2022-12-25 12:00:00,2023-03-14 15:34:59,Sunday,12
54,c,4,321.60238879131356,81.64930196438951,81.70356673313627,77.0743362658447,0.04100000113248825,0.026855522688574204,4.7171574882105745,0.0,0.054264768746756016,2023-03-14 15:34:59,2022-12-27 17:12:42,2023-03-14 16:53:08,Tuesday,17
54,c,5,407.3091137971164,81.70356673313627,85.70672500580287,77.0743362658447,0.0820000022649765,0.2480661309739635,5.033632866375214,2.466367133624786,1.5367911390418156,2023-03-14 16:53:08,2022-12-30 12:00:00,2023-03-18 16:57:41,Friday,12
54,c,6,493.30437413384385,85.70672500580287,85.99526033672744,77.0743362658447,0.0,0.0032474518440720173,1.7099724576469413,0.0,0.28853533092457406,2023-03-18 16:57:41,2022-12-24 17:02:21,2023-03-18 23:53:10,Saturday,17
54,c,7,580.8921875689457,85.99526033672744,87.58781343510188,77.0743362658447,0.0820000022649765,0.13824070821271936,2.2155010472051373,0.2844989527948627,1.3080541455795731,2023-03-18 23:53:10,2022-12-25 12:00:00,2023-03-20 14:06:27,Sunday,12
55,d,1,78.56838954185726,78.49499622809296,78.56838954185726,78.49499622809296,0.04100000113248825,0.17457778786522712,1.7105740170906785,0.0,0.07339331376430246,2023-03-11 11:52:47,2022-12-24 17:03:13,2023-03-11 13:38:28,Saturday,17
56,d,1,80.47068158835195,78.93936626528323,80.47068158835195,78.93936626528323,0.04100000113248825,0.1799223447436791,2.1602886111593875,0.33971138884061247,1.1916039342281177,2023-03-11 22:32:41,2022-12-25 12:00:00,2023-03-13 11:17:46,Sunday,12
57,b,1,79.48035787862963,79.10260052702421,79.48035787862963,79.10260052702421,0.0,0.06581889947526155,2.1684194264994687,0.3315805735005313,0.04617677810490043,2023-03-12 02:27:44,2022-12-25 12:00:00,2023-03-12 11:31:42,Sunday,12
57,b,2,159.09766971965206,79.48035787862963,79.61731184102243,79.10260052702421,0.0820000022649765,0.18274912267678764,2.745107003571391,0.0,0.1369539623927945,2023-03-12 11:31:42,2022-12-25 17:52:57,2023-03-12 14:48:55,Sunday,17
57,b,3,238.76976505455406,79.61731184102243,79.67209533490198,79.10260052702421,0.0820000022649765,0.11351657396482838,2.812828417252234,0.0,0.05478349387955875,2023-03-12 14:48:55,2022-12-25 19:30:28,2023-03-12 16:07:49,Sunday,19
57,b,4,319.7689387885452,79.67209533490198,80.99917373399114,79.10260052702421,0.0,0.012433271392870184,2.6845286062948475,0.0,1.3270783990891544,2023-03-12 16:07:49,2022-12-25 16:25:43,2023-03-13 23:58:48,Sunday,16
57,b,5,401.34846990929987,80.99917373399114,81.57953112075465,79.10260052702421,0.0820000022649765,0.050653959516873286,4.131827695772998,0.3681723042270022,0.21218508253650062,2023-03-13 23:58:48,2022-12-27 12:00:00,2023-03-14 13:54:31,Tuesday,12
57,b,6,482.9375604283225,81.57953112075465,81.58909051902262,79.10260052702421,0.0820000022649765,0.1482884812915512,4.809819604311173,0.0,0.009559398267966708,2023-03-14 13:54:31,2022-12-27 19:26:08,2023-03-14 14:08:17,Tuesday,19
57,d,7,564.7808344314801,81.58909051902262,81.84327400315756,79.10260052702421,0.0820000022649765,0.005498472280231272,4.676588993567833,0.0,0.254183484134941,2023-03-14 14:08:17,2022-12-27 16:14:17,2023-03-14 20:14:18,Tuesday,16
58,e,1,79.99572327500438,79.38191835856895,79.99572327500438,79.38191835856895,0.0820000022649765,0.12134520546646904,2.585263566300398,0.0,0.6138049164354212,2023-03-12 09:09:57,2022-12-25 14:02:46,2023-03-12 23:53:50,Sunday,14
58,f,2,160.64154745925975,79.99572327500438,80.64582418425539,79.38191835856895,0.04100000113248825,0.029562976393002156,3.0662862525298635,0.43371374747013647,0.21638716178087708,2023-03-12 23:53:50,2022-12-26 12:00:00,2023-03-13 15:29:59,Monday,12
58,f,3,241.4434754974955,80.64582418425539,80.80192803823577,79.38191835856895,0.04100000113248825,0.012212772209904757,3.6990369575977837,0.0,0.15610385398037654,2023-03-13 15:29:59,2022-12-26 16:46:36,2023-03-13 19:14:46,Monday,16
58,f,4,324.670656638968,80.80192803823577,83.22718114147251,79.38191835856895,0.0820000022649765,0.21980399112472096,4.103732031625469,0.3962679683745307,2.0289851348622063,2023-03-13 19:14:46,2022-12-27 12:00:00,2023-03-16 05:27:08,Tuesday,12
58,c,5,409.0946631177647,83.22718114147251,84.4240064787967,79.38191835856895,0.0820000022649765,0.07937553884514127,6.388556682582632,1.1114433174173683,0.08538201990681889,2023-03-16 05:27:08,2022-12-30 12:00:00,2023-03-17 10:10:34,Friday,12
58,d,6,493.56359656782223,84.4240064787967,84.46893345005755,79.38191835856895,0.04100000113248825,0.014416857349802638,0.47942333727898756,0.02057666272101244,0.024350308539839292,2023-03-17 10:10:34,2022-12-23 12:00:00,2023-03-17 11:15:15,Friday,12
59,b,1,80.55266659968495,80.50663395301095,80.55266659968495,80.50663395301095,0.12300000339746475,0.0006073701982685574,3.6302413266066793,0.0,0.04603264667401401,2023-03-13 12:09:33,2022-12-26 15:07:32,2023-03-13 13:15:50,Monday,15
59,f,2,161.63920811233405,80.55266659968495,81.08654151264909,80.50663395301095,0.0820000022649765,0.15753523004540004,3.792201831995328,0.0,0.5338749129641391,2023-03-13 13:15:50,2022-12-26 19:00:46,2023-03-14 02:04:37,Monday,19
59,f,3,243.27695707262416,81.08654151264909,81.6377489602901,80.50663395301095,0.04100000113248825,0.11005329478309657,4.23759480856468,0.26240519143532026,0.28880225620568856,2023-03-14 02:04:37,2022-12-27 12:00:00,2023-03-14 15:18:21,Tuesday,12
59,f,4,325.1464880347163,81.6377489602901,81.86953096209211,80.50663395301095,0.0820000022649765,0.13888440929895335,4.858633371854026,0.0,0.2317820018020165,2023-03-14 15:18:21,2022-12-27 20:36:25,2023-03-14 20:52:07,Tuesday,20
59,f,5,408.505315816926,81.86953096209211,83.35882778220972,80.50663395301095,0.04100000113248825,0.016123068178717948,4.9266540314033165,0.0,1.4892968201176062,2023-03-14 20:52:07,2022-12-27 22:14:22,2023-03-16 08:36:42,Tuesday,22
59,b,6,492.82040471929815,83.35882778220972,84.31508890237214,80.50663395301095,0.0,0.19152497949433087,6.550352761704048,0.9496472382959524,0.006613881866471042,2023-03-16 08:36:42,2022-12-30 12:00:00,2023-03-17 07:33:43,Friday,12
59,b,7,577.3607498720937,84.31508890237214,84.54034515279561,80.50663395301095,0.0820000022649765,0.2453090392533087,0.6423979438904297,0.0,0.22525625042347316,2023-03-17 07:33:43,2022-12-23 15:25:03,2023-03-17 12:58:05,Friday,15
59,b,8,661.9248593308258,84.54034515279561,84.56410945873206,80.50663395301095,0.0820000022649765,0.041114007355750715,0.6634591624163306,0.0,0.023764305936460055,2023-03-17 12:58:05,2022-12-23 15:55:22,2023-03-17 13:32:19,Friday,15
59,b,9,748.2114627143335,84.56410945873206,86.28660338350764,80.50663395301095,0.04100000113248825,0.06174763002680895,0.6668570898913657,0.0,1.722493924775577,2023-03-17 13:32:19,2022-12-23 16:00:16,2023-03-19 06:52:42,Friday,16
59,f,10,834.7280998646635,86.28660338350764,86.51663715032994,80.50663395301095,0.0820000022649765,0.3158922797322648,2.6844956655048833,0.0,0.230033766822298,2023-03-19 06:52:42,2022-12-25 16:25:40,2023-03-19 12:23:57,Sunday,16
59,c,11,921.4919838907886,86.51663715032994,86.7638840261251,80.50663395301095,0.0820000022649765,0.1371904081094745,2.7358275607043936,0.0,0.24724687579515733,2023-03-19 12:23:57,2022-12-25 17:39:35,2023-03-19 18:19:59,Sunday,17
59,d,12,1008.9626413138761,86.7638840261251,87.47065742308757,80.50663395301095,0.0820000022649765,0.11889350706621975,2.9647775354562924,0.0,0.7067733969624813,2023-03-19 18:19:59,2022-12-25 23:09:16,2023-03-20 11:17:44,Sunday,23
59,b,13,1096.6224045661986,87.47065742308757,87.65976325232243,80.50663395301095,0.12300000339746475,0.0846029909822647,3.6782604174672997,0.0,0.18910582923486097,2023-03-20 11:17:44,2022-12-26 16:16:41,2023-03-20 15:50:03,Monday,16
59,b,14,1184.5314776045893,87.65976325232243,87.90907303839074,80.50663395301095,0.04100000113248825,0.08335450965726071,3.784117763112178,0.0,0.24930978606831514,2023-03-20 15:50:03,2022-12-26 18:49:07,2023-03-20 21:49:03,Monday,18
59,b,15,1273.4123852440207,87.90907303839074,88.88090763943143,80.50663395301095,0.04100000113248825,0.030328516924253944,3.9804015564474895,0.0,0.971834601040686,2023-03-20 21:49:03,2022-12-26 23:31:46,2023-03-21 21:08:30,Monday,23
59,f,16,1363.081063835956,88.88090763943143,89.66867859193533,80.50663395301095,0.04100000113248825,0.01730164587260992,4.9392092864365225,0.0,0.7877709525038993,2023-03-21 21:08:30,2022-12-27 22:32:27,2023-03-22 16:02:53,Tuesday,22
59,c,17,1454.9934527560847,89.66867859193533,91.9123889201287,80.50663395301095,0.0,0.10625983289097506,5.774938424826303,1.7250615751736973,0.5186487530196726,2023-03-22 16:02:53,2022-12-30 12:00:00,2023-03-24 21:53:50,Friday,12
60,e,1,84.67061277967882,82.22042137430732,84.67061277967882,82.22042137430732,0.0820000022649765,0.012697836896020137,5.315119213468321,2.1848807865316786,0.2653106188398241,2023-03-15 05:17:24,2022-12-30 12:00:00,2023-03-17 16:05:40,Friday,12
60,f,2,169.7686815828414,84.67061277967882,85.09806880316258,82.22042137430732,0.04100000113248825,0.00043188722653485895,0.7120446680378478,0.0,0.42745602348375156,2023-03-17 16:05:40,2022-12-23 17:05:20,2023-03-18 02:21:13,Friday,17
60,f,3,256.27309903005556,85.09806880316258,86.50441744721417,82.22042137430732,0.0820000022649765,0.14137238817596873,1.321441193603519,0.17855880639648092,1.2277898376551146,2023-03-18 02:21:13,2022-12-24 12:00:00,2023-03-19 12:06:21,Saturday,12
60,c,4,342.9521853168912,86.50441744721417,86.67908628683563,82.22042137430732,0.04100000113248825,0.06087036704380995,2.606287815390459,0.0,0.1746688396214555,2023-03-19 12:06:21,2022-12-25 14:33:03,2023-03-19 16:17:53,Sunday,14
60,c,5,430.8814331303049,86.67908628683563,87.92924781341374,82.22042137430732,0.0820000022649765,0.050726865275887864,2.8118131543764946,0.0,1.25016152657811,2023-03-19 16:17:53,2022-12-25 19:29:00,2023-03-20 22:18:07,Sunday,19
61,b,1,84.90745073831017,82.74925419332149,84.90745073831017,82.74925419332149,0.04100000113248825,0.12004100333441257,5.910295197788386,1.5897048022116138,0.5684917427770647,2023-03-15 17:58:55,2022-12-30 12:00:00,2023-03-17 21:46:43,Friday,12
61,f,2,170.35578054090342,84.90745073831017,85.44832980259325,82.74925419332149,0.12300000339746475,0.08056692596004543,1.1110176676676815,0.3889823323323185,0.15189673195075887,2023-03-17 21:46:43,2022-12-24 12:00:00,2023-03-18 10:45:35,Saturday,12
61,b,3,257.0092263726574,85.44832980259325,86.653445831754,82.74925419332149,0.0820000022649765,0.5789135170807993,2.1092433219390188,0.39075667806098124,0.8143593510997699,2023-03-18 10:45:35,2022-12-25 12:00:00,2023-03-19 15:40:57,Sunday,12
61,f,4,344.73131264111765,86.653445831754,87.72208626846026,82.74925419332149,0.0820000022649765,0.27176855073571055,3.0072143847546897,0.4927856152453103,0.5758548214609517,2023-03-19 15:40:57,2022-12-26 12:00:00,2023-03-20 17:19:48,Monday,12
61,c,5,432.99238149863726,87.72208626846026,88.2610688575196,82.74925419332149,0.0820000022649765,0.12583816813285573,3.9299244388580945,0.0,0.5389825890593383,2023-03-20 17:19:48,2022-12-26 22:19:05,2023-03-21 06:15:56,Monday,22
61,c,6,521.2821298541586,88.2610688575196,88.28974835552138,82.74925419332149,0.0820000022649765,0.45832505158076137,4.801393911365338,0.0,0.028679498001772837,2023-03-21 06:15:56,2022-12-27 19:14:00,2023-03-21 06:57:14,Tuesday,19
62,b,1,84.64990917943123,84.00637236893849,84.64990917943123,84.00637236893849,0.0820000022649765,0.06097140997080068,0.1493437811742666,0.3506562188257334,0.2928805916670135,2023-03-17 00:09:10,2022-12-23 12:00:00,2023-03-17 15:35:52,Friday,12
62,f,2,170.06104832581735,84.64990917943123,85.4111391463861,84.00637236893849,0.0820000022649765,0.02201564997153828,0.7539248316677458,0.0,0.7612299669548658,2023-03-17 15:35:52,2022-12-23 18:05:39,2023-03-18 09:52:02,Friday,18
62,b,3,256.1453400647856,85.4111391463861,86.08429173896826,84.00637236893849,0.0820000022649765,0.03370059061358759,1.5268397392646733,0.0,0.6731525925821494,2023-03-18 09:52:02,2022-12-24 12:38:38,2023-03-19 02:01:22,Saturday,12
62,b,4,342.6482062109776,86.08429173896826,86.50286614619198,84.00637236893849,0.0,0.026248512272780727,2.110540251241048,0.3894597487589522,0.029114658464766976,2023-03-19 02:01:22,2022-12-25 12:00:00,2023-03-19 12:04:07,Sunday,12
62,b,5,429.46615045285694,86.50286614619198,86.8179442418793,84.00637236893849,0.0820000022649765,0.012498270374149112,2.5973644188311056,0.0,0.31507809568732525,2023-03-19 12:04:07,2022-12-25 14:20:12,2023-03-19 19:37:50,Sunday,14
62,b,6,516.2852944889021,86.8179442418793,86.81914403604509,84.00637236893849,0.0820000022649765,0.09256908642380582,2.9925133305680873,0.0,0.001199794165782172,2023-03-19 19:37:50,2022-12-25 23:49:13,2023-03-19 19:39:34,Sunday,23
62,b,7,603.6568588188175,86.81914403604509,87.37156432991532,84.00637236893849,0.0820000022649765,0.14403003453410448,3.0451740728441763,0.4548259271558237,0.09759436671439994,2023-03-19 19:39:34,2022-12-26 12:00:00,2023-03-20 08:55:03,Monday,12
62,b,8,691.0734550979358,87.37156432991532,87.41659627911838,84.00637236893849,0.0820000022649765,0.022818809275238605,3.4763831414555284,0.023616858544471597,0.021415090658588865,2023-03-20 08:55:03,2022-12-26 12:00:00,2023-03-20 09:59:53,Monday,12
62,b,9,779.675743949323,87.41659627911838,88.60228885138709,84.00637236893849,0.0,0.08578404534604607,3.5023803244644256,0.0,1.185692572268705,2023-03-20 09:59:53,2022-12-26 12:03:25,2023-03-21 14:27:17,Monday,12
62,b,10,868.5072139023274,88.60228885138709,88.83146995300447,84.00637236893849,0.04100000113248825,0.140817638840642,4.78410649136022,0.0,0.22918110161738076,2023-03-21 14:27:17,2022-12-27 18:49:06,2023-03-21 19:57:19,Tuesday,18
62,f,11,957.3907392731272,88.83146995300447,88.88352537079977,84.00637236893849,0.04100000113248825,0.007685850820013395,4.880155804956971,0.0,0.0520554177952976,2023-03-21 19:57:19,2022-12-27 21:07:25,2023-03-21 21:12:16,Tuesday,21
62,f,12,1049.0019624142528,88.88352537079977,91.61122314112549,84.00637236893849,0.0,0.21964935012343514,5.103174720923207,2.3968252790767934,0.33087249124892143,2023-03-21 21:12:16,2022-12-30 12:00:00,2023-03-24 14:40:09,Friday,12
62,b,13,1141.536185320815,91.61122314112549,92.53422290656236,84.00637236893849,0.0,0.014781006923083607,0.6260041480485796,0.0,0.9229997654368741,2023-03-24 14:40:09,2022-12-23 15:01:26,2023-03-25 12:49:16,Friday,15
62,f,14,1234.5971951353818,92.53422290656236,93.0610098145667,84.00637236893849,0.04100000113248825,0.0040235958231319546,1.5792465035179788,0.0,0.5267869080043334,2023-03-25 12:49:16,2022-12-24 13:54:06,2023-03-26 01:27:51,Saturday,13
62,c,15,1329.1777953226742,93.0610098145667,94.58060018729236,84.00637236893849,0.0,0.05481208511849566,2.1158218996852014,0.3841781003147986,1.1354122724108655,2023-03-26 01:27:51,2022-12-25 12:00:00,2023-03-27 13:56:03,Sunday,12
63,e,1,84.79319241190885,84.42612043336176,84.79319241190885,84.42612043336176,0.12300000339746475,0.260126801237422,0.8092472379966438,0.0,0.3670719785470894,2023-03-17 10:13:36,2022-12-23 19:25:18,2023-03-17 19:02:11,Friday,19
63,f,2,170.305307642515,84.79319241190885,85.51211523060614,84.42612043336176,0.0820000022649765,0.06198013151284583,0.9371725456866642,0.0,0.7189228186972948,2023-03-17 19:02:11,2022-12-23 22:29:31,2023-03-18 12:17:26,Friday,22
63,f,3,258.20616000391993,85.51211523060614,87.90085236140493,84.42612043336176,0.0820000022649765,0.04397305206671165,1.6380882849378366,0.0,2.388737130798782,2023-03-18 12:17:26,2022-12-24 15:18:50,2023-03-20 21:37:13,Saturday,15
63,f,4,347.32542089796016,87.90085236140493,89.1192608940402,84.42612043336176,0.04100000113248825,0.29573101401576624,4.237583376553189,0.2624166234468106,0.9559919091884508,2023-03-20 21:37:13,2022-12-27 12:00:00,2023-03-22 02:51:44,Tuesday,12
63,c,5,438.96759466074576,89.1192608940402,91.64217376278562,84.42612043336176,0.0820000022649765,0.2697262994840037,5.470987195789178,2.029012804210822,0.49390006453459817,2023-03-22 02:51:44,2022-12-30 12:00:00,2023-03-24 15:24:43,Friday,12
63,c,6,530.6742344248682,91.64217376278562,91.70663976412246,84.42612043336176,0.0820000022649765,0.02414378879141307,0.7483175538419999,0.0,0.06446600133684026,2023-03-24 15:24:43,2022-12-23 17:57:34,2023-03-24 16:57:33,Friday,17
63,c,7,622.4700617411227,91.70663976412246,91.79582731625445,84.42612043336176,0.04100000113248825,0.11866624116017975,0.8663060064151296,0.0,0.08918755213199392,2023-03-24 16:57:33,2022-12-23 20:47:28,2023-03-24 19:05:59,Friday,20
63,c,8,714.3256041288929,91.79582731625445,91.85554238777027,84.42612043336176,0.0820000022649765,0.03267264018376296,0.9104999587031841,0.0,0.059715071515823684,2023-03-24 19:05:59,2022-12-23 21:51:07,2023-03-24 20:31:58,Friday,21
64,b,1,85.5367548779977,85.15680220123583,85.5367548779977,85.15680220123583,0.04100000113248825,0.011084901748299396,1.2088871041166271,0.29111289588337286,0.08883978087849338,2023-03-18 03:45:47,2022-12-24 12:00:00,2023-03-18 12:52:55,Saturday,12
64,b,2,171.4518708045801,85.5367548779977,85.91511592658242,85.15680220123583,0.04100000113248825,0.26223729713789673,1.8399921762680833,0.0,0.37836104858471786,2023-03-18 12:52:55,2022-12-24 20:09:35,2023-03-18 21:57:46,Saturday,20
64,b,3,258.3148360286772,85.91511592658242,86.86296522409705,85.15680220123583,0.04100000113248825,0.0033150379042887756,1.959430965619191,0.0,0.9478492975146411,2023-03-18 21:57:46,2022-12-24 23:01:34,2023-03-19 20:42:40,Saturday,23
64,f,4,345.68381070702003,86.86296522409705,87.36897467834285,85.15680220123583,0.0820000022649765,0.0737737971444513,3.018739023506484,0.48126097649351607,0.024748477752288844,2023-03-19 20:42:40,2022-12-26 12:00:00,2023-03-20 08:51:19,Monday,12
64,f,5,433.2605667460181,87.36897467834285,87.5767560389981,85.15680220123583,0.0,0.08044446329174058,3.4494191416345927,0.050580858365407266,0.15720050228984425,2023-03-20 08:51:19,2022-12-26 12:00:00,2023-03-20 13:50:31,Monday,12
64,c,6,521.1416815173623,87.5767560389981,87.88111477134414,85.15680220123583,0.04100000113248825,0.016481706214201666,3.6342377463447946,0.0,0.3043587323460477,2023-03-20 13:50:31,2022-12-26 15:13:18,2023-03-20 21:08:48,Monday,15
64,c,7,609.246384829406,87.88111477134414,88.10470331204378,85.15680220123583,0.04100000113248825,0.05781285105912622,3.979927623535758,0.0,0.2235885406996304,2023-03-20 21:08:48,2022-12-26 23:31:05,2023-03-21 02:30:46,Monday,23
64,d,8,697.6762759804915,88.10470331204378,88.4298911510855,85.15680220123583,0.0820000022649765,0.24865196972608275,4.435355284034841,0.06464471596515864,0.2605431230765592,2023-03-21 02:30:46,2022-12-27 12:00:00,2023-03-21 10:19:02,Tuesday,12
64,b,9,786.973002441204,88.4298911510855,89.29672646071259,85.15680220123583,0.04100000113248825,0.3602524061536005,4.831143558371593,0.0,0.8668353096270919,2023-03-21 10:19:02,2022-12-27 19:56:50,2023-03-22 07:07:17,Tuesday,19
64,b,10,878.426836073932,89.29672646071259,91.453833632728,85.15680220123583,0.04100000113248825,0.03293091371709618,5.370657375562175,2.1293426244378253,0.027764547577594802,2023-03-22 07:07:17,2022-12-30 12:00:00,2023-03-24 10:53:31,Friday,12
64,b,11,969.917875685413,91.453833632728,91.49103961148101,85.15680220123583,0.04100000113248825,0.267931382458997,0.7627650163194915,0.0,0.0372059787530047,2023-03-24 10:53:31,2022-12-23 18:18:22,2023-03-24 11:47:05,Friday,18
64,f,12,1061.8308627600147,91.49103961148101,91.91298707460173,85.15680220123583,0.04100000113248825,0.08137094665744651,0.613410559270946,0.0,0.4219474631207095,2023-03-24 11:47:05,2022-12-23 14:43:18,2023-03-24 21:54:42,Friday,14
64,c,13,1154.372630245012,91.91298707460173,92.54176748499741,85.15680220123583,0.0820000022649765,0.19944263384591182,1.1944297107126118,0.30557028928738816,0.32321012110828895,2023-03-24 21:54:42,2022-12-24 12:00:00,2023-03-25 13:00:08,Saturday,12
64,c,14,1247.1555159314657,92.54176748499741,92.78288568645378,85.15680220123583,0.0820000022649765,0.15720352079808708,1.780971008060476,0.0,0.24111820145636673,2023-03-25 13:00:08,2022-12-24 18:44:35,2023-03-25 18:47:21,Saturday,18
65,d,1,85.82135449148902,85.40107064986596,85.82135449148902,85.40107064986596,0.0820000022649765,0.05474765693905973,1.5378183090699906,0.0,0.42028384162305854,2023-03-18 09:37:32,2022-12-24 12:54:27,2023-03-18 19:42:45,Saturday,12
65,b,2,173.07556939091577,85.82135449148902,87.25421489942676,85.40107064986596,0.0820000022649765,0.12712588631527727,2.030480380069278,0.4695196199307219,0.9633407880070107,2023-03-18 19:42:45,2022-12-25 12:00:00,2023-03-20 06:06:04,Sunday,12
65,b,3,260.4207250950542,87.25421489942676,87.3451557041384,85.40107064986596,0.12300000339746475,0.37571791510423314,3.7529328179284533,0.0,0.09094080471164726,2023-03-20 06:06:04,2022-12-26 18:04:13,2023-03-20 08:17:01,Monday,18
65,b,4,350.0856048331457,87.3451557041384,89.66487973809149,85.40107064986596,0.0820000022649765,0.11258841465499522,3.5397441210583764,0.0,2.3197240339530785,2023-03-20 08:17:01,2022-12-26 12:57:13,2023-03-22 15:57:25,Monday,12
65,b,5,441.70157877853063,89.66487973809149,91.61597394538497,85.40107064986596,0.0820000022649765,0.03614346952215907,5.783023209878621,1.7169767901213788,0.23411741717210532,2023-03-22 15:57:25,2022-12-30 12:00:00,2023-03-24 14:47:00,Friday,12
65,f,6,533.8603318017998,91.61597394538497,92.15875302326923,85.40107064986596,0.0,0.0019016782453458408,0.6178756236303116,0.0,0.5427790778842586,2023-03-24 14:47:00,2022-12-23 14:49:44,2023-03-25 03:48:36,Friday,14
65,f,7,627.3452362104151,92.15875302326923,93.48490440861525,85.40107064986596,0.04100000113248825,0.0269474923623467,1.226700516764069,0.273299483235931,1.0528519021100926,2023-03-25 03:48:36,2022-12-24 12:00:00,2023-03-26 11:38:15,Saturday,12
65,f,8,722.3433118044986,93.48490440861525,94.99807559408353,85.40107064986596,0.0820000022649765,0.06790596423262993,2.6348103751128633,0.0,1.5131711854682803,2023-03-26 11:38:15,2022-12-25 15:14:07,2023-03-27 23:57:13,Sunday,15
65,f,9,818.3135842281927,94.99807559408353,95.9702724236941,85.40107064986596,0.12300000339746475,0.07580391620932314,4.19687951369032,0.30312048630968036,0.6690763433008865,2023-03-27 23:57:13,2022-12-27 12:00:00,2023-03-28 23:17:11,Tuesday,12
65,c,10,916.5057716520502,95.9702724236941,98.19218742385746,85.40107064986596,0.0820000022649765,0.2694897892109552,5.3217622151700255,2.1782377848299745,0.04367721533338477,2023-03-28 23:17:11,2022-12-30 12:00:00,2023-03-31 04:36:44,Friday,12
65,d,11,1014.7870071419968,98.19218742385746,98.28123548994661,85.40107064986596,0.12300000339746475,0.3962736987248016,0.7114611259797243,0.0,0.08904806608915432,2023-03-31 04:36:44,2022-12-23 17:04:30,2023-03-31 06:44:58,Friday,17
65,b,12,1115.2223925248168,98.28123548994661,100.43538538281996,85.40107064986596,0.0820000022649765,0.10211981429702628,0.4653553065086129,0.0346446934913871,2.119505199381961,2023-03-31 06:44:58,2022-12-23 12:00:00,2023-04-02 10:26:57,Friday,12
65,d,13,1216.5065668347675,100.43538538281996,101.28417430995061,85.40107064986596,0.12300000339746475,0.01760016103438589,2.575985547251804,0.0,0.8487889271306598,2023-04-02 10:26:57,2022-12-25 13:49:25,2023-04-03 06:49:12,Sunday,13
65,d,14,1318.103952874572,101.28417430995061,101.59738603980462,85.40107064986596,0.12300000339746475,0.2507356785714936,3.657909991919567,0.0,0.31321172985400264,2023-04-03 06:49:12,2022-12-26 15:47:23,2023-04-03 14:20:14,Monday,15
65,d,15,1419.7120309795973,101.59738603980462,101.60807810502524,85.40107064986596,0.12300000339746475,0.08873184558477126,3.809117888786858,0.0,0.010692065220620803,2023-04-03 14:20:14,2022-12-26 19:25:07,2023-04-03 14:35:37,Monday,19
65,d,16,1521.9025461450244,101.60807810502524,102.19051516542709,85.40107064986596,0.04100000113248825,0.05712399452770915,3.706202100685445,0.0,0.5824370604018451,2023-04-03 14:35:37,2022-12-26 16:56:55,2023-04-04 04:34:20,Monday,16
66,d,1,88.56359878648807,87.73839412824262,88.56359878648807,87.73839412824262,0.0820000022649765,0.2061997079730406,4.026593838480636,0.4734061615193639,0.3517984967260969,2023-03-20 17:43:17,2022-12-27 12:00:00,2023-03-21 13:31:34,Tuesday,12
67,d,1,88.51874143227452,87.94717072602933,88.51874143227452,87.94717072602933,0.04100000113248825,0.4253578672567847,4.413528594418594,0.0864714055814062,0.4850993006637912,2023-03-20 22:43:55,2022-12-27 12:00:00,2023-03-21 12:26:59,Tuesday,12
67,d,2,177.1213000951439,88.51874143227452,88.60255866286938,87.94717072602933,0.0,0.07584377800146701,4.594585210275994,0.0,0.08381723059486676,2023-03-21 12:26:59,2022-12-27 14:16:12,2023-03-21 14:27:41,Tuesday,14
67,d,3,265.78488861563307,88.60255866286938,88.66358852048917,87.94717072602933,0.12300000339746475,0.18671604912796194,4.912274715394815,0.0,0.061029857619791066,2023-03-21 14:27:41,2022-12-27 21:53:40,2023-03-21 15:55:34,Tuesday,21
67,b,4,355.0757044813022,88.66358852048917,89.29081586566912,87.94717072602933,0.04100000113248825,0.04764147973265288,4.752230001354306,0.0,0.6272273451799453,2023-03-21 15:55:34,2022-12-27 18:03:12,2023-03-22 06:58:46,Tuesday,18
67,f,5,446.63426368620435,89.29081586566912,91.55855920490214,87.94717072602933,0.04100000113248825,0.028058025650019552,5.359873892451631,2.140126107548369,0.12761723168464753,2023-03-22 06:58:46,2022-12-30 12:00:00,2023-03-24 13:24:19,Friday,12
67,f,6,539.1852455552709,91.55855920490214,92.55098186906648,87.94717072602933,0.0,0.03146107472674315,0.590020279628888,0.0,0.9924226641643403,2023-03-24 13:24:19,2022-12-23 14:09:37,2023-03-25 13:13:24,Friday,14
67,c,7,631.7641652148673,92.55098186906648,92.57891965959644,87.94717072602933,0.04100000113248825,0.0841515501850794,1.6761334203840477,0.0,0.027937790529955823,2023-03-25 13:13:24,2022-12-24 16:13:37,2023-03-25 13:53:38,Saturday,16
67,c,8,724.8609789227145,92.57891965959644,93.0968137078472,87.94717072602933,0.0820000022649765,0.1262611756070883,1.7871808374684974,0.0,0.5178940482507721,2023-03-25 13:53:38,2022-12-24 18:53:32,2023-03-26 02:19:24,Saturday,18
68,d,1,91.44674128666215,90.30276495139907,91.44674128666215,90.30276495139907,0.0820000022649765,0.0011900074649371622,6.385954961128988,1.1140450388710121,0.029931296392067104,2023-03-23 07:15:58,2022-12-30 12:00:00,2023-03-24 10:43:18,Friday,12
68,d,2,183.0207039773161,91.44674128666215,91.57396269065394,90.30276495139907,0.0820000022649765,0.17364593835096312,0.7023872272780807,0.0,0.1272214039917932,2023-03-24 10:43:18,2022-12-23 16:51:26,2023-03-24 13:46:30,Friday,16
68,d,3,275.3231651386468,91.57396269065394,92.30246116133074,90.30276495139907,0.0820000022649765,0.010543616470830455,0.6665063093897459,0.0,0.7284984706767951,2023-03-24 13:46:30,2022-12-23 15:59:46,2023-03-25 07:15:32,Friday,15
69,e,1,94.30597062514087,94.11614099316168,94.30597062514087,94.11614099316168,0.0820000022649765,0.12408471004963627,3.322225705476285,0.17777429452371507,0.012055337455483338,2023-03-27 02:47:14,2022-12-26 12:00:00,2023-03-27 07:20:35,Monday,12
70,b,1,94.53451971451138,94.28677202355408,94.53451971451138,94.28677202355408,0.0,0.10668409831879995,3.393456121872873,0.10654387812712685,0.14120381283017233,2023-03-27 06:52:57,2022-12-26 12:00:00,2023-03-27 12:49:42,Monday,12
70,f,2,189.33919249904895,94.53451971451138,94.80467278453757,94.28677202355408,0.12300000339746475,0.01566568320583928,3.6731854011146794,0.0,0.2701530700261951,2023-03-27 12:49:42,2022-12-26 16:09:23,2023-03-27 19:18:43,Monday,16
70,c,3,284.60645035238,94.80467278453757,95.26725785333107,94.28677202355408,0.04100000113248825,0.28804920195506,4.1337219876251226,0.36627801237487745,0.09630705641862232,2023-03-27 19:18:43,2022-12-27 12:00:00,2023-03-28 06:24:51,Tuesday,12
71,d,1,100.31786486965305,96.06465272049581,100.31786486965305,96.06465272049581,0.0820000022649765,0.014291315044799704,5.160944037805592,2.339055962194408,1.914156186962832,2023-03-29 01:33:05,2022-12-30 12:00:00,2023-04-02 07:37:43,Friday,12
72,e,1,101.48158357807635,100.08786225933501,101.48158357807635,100.08786225933501,0.04100000113248825,0.061806437470283214,2.190668697937781,0.30933130206221904,1.0843900166791163,2023-04-02 02:06:31,2022-12-25 12:00:00,2023-04-03 11:33:28,Sunday,12
73,e,1,100.56110753441098,100.3492010071563,100.56110753441098,100.3492010071563,0.0,0.04075878908129134,2.3899597962375907,0.1100402037624093,0.10186632349226829,2023-04-02 08:22:50,2022-12-25 12:00:00,2023-04-02 13:27:59,Sunday,12
74,b,1,101.82334492586182,101.38659127410678,101.82334492586182,101.38659127410678,0.0,0.014676143825912851,3.4012674179326865,0.0987325820673135,0.3380210696877326,2023-04-03 09:16:41,2022-12-26 12:00:00,2023-04-03 19:45:37,Monday,12
74,b,2,204.83529316972547,101.82334492586182,103.01194824386366,101.38659127410678,0.0820000022649765,0.00436209242608954,3.9097070205528865,0.0,1.1886033180018354,2023-04-03 19:45:37,2022-12-26 21:49:58,2023-04-05 00:17:12,Monday,21
74,b,3,310.16208204190764,103.01194824386366,105.32678887218214,101.38659127410678,0.04100000113248825,0.251893556358803,5.304841801354954,2.1951581986450464,0.11968242967343513,2023-04-05 00:17:12,2022-12-30 12:00:00,2023-04-07 07:50:34,Friday,12
74,b,4,416.11270096258755,105.32678887218214,105.95061892067991,101.38659127410678,0.0820000022649765,0.4200737343690022,0.8288626088161095,0.0,0.623830048497774,2023-04-07 07:50:34,2022-12-23 19:53:33,2023-04-07 22:48:53,Friday,19
74,b,5,522.5706728241705,105.95061892067991,106.45797186158293,101.38659127410678,0.0820000022649765,0.010420955380822645,1.0430398783257147,0.45696012167428535,0.05039281922873442,2023-04-07 22:48:53,2022-12-24 12:00:00,2023-04-08 10:59:28,Saturday,12
74,b,6,629.0391286104001,106.45797186158293,106.46845578622963,101.38659127410678,0.12300000339746475,0.11870919897017808,1.6996810639505782,0.0,0.010483924646692313,2023-04-08 10:59:28,2022-12-24 16:47:32,2023-04-08 11:14:34,Saturday,16
74,b,7,736.3939029870728,106.46845578622963,107.35477437667276,101.38659127410678,0.0820000022649765,0.10254604609030861,1.653001834584913,0.0,0.8863185904431323,2023-04-08 11:14:34,2022-12-24 15:40:19,2023-04-09 08:30:52,Saturday,15
74,f,8,844.1967268969721,107.35477437667276,107.80282390989935,101.38659127410678,0.0820000022649765,0.022450467336396253,2.4592248462741395,0.04077515372586049,0.4072743795007187,2023-04-09 08:30:52,2022-12-25 12:00:00,2023-04-09 19:16:03,Sunday,12
74,f,9,952.6065676226846,107.80282390989935,108.40984072571248,101.38659127410678,0.0820000022649765,0.07110544788478694,2.9559293600491117,0.0,0.6070168158131432,2023-04-09 19:16:03,2022-12-25 22:56:32,2023-04-10 09:50:10,Sunday,22
74,b,10,1062.0295735043737,108.40984072571248,109.42300588168908,101.38659127410678,0.04100000113248825,0.07169121715769144,3.5225319440026652,0.0,1.013165155976597,2023-04-10 09:50:10,2022-12-26 12:32:26,2023-04-11 10:09:07,Monday,12
74,b,11,1171.8280705857248,109.42300588168908,109.79849708135113,101.38659127410678,0.12300000339746475,0.04247588008061635,4.58848176516716,0.0,0.3754911996620455,2023-04-11 10:09:07,2022-12-27 14:07:24,2023-04-11 19:09:50,Tuesday,14
74,f,12,1284.2611681025537,109.79849708135113,112.43309751682892,101.38659127410678,0.12300000339746475,0.1122379351046585,5.033735019853253,2.4662649801467467,0.16833545533105312,2023-04-11 19:09:50,2022-12-30 12:00:00,2023-04-14 10:23:39,Friday,12
74,f,13,1397.0584152013284,112.43309751682892,112.79724709877479,101.38659127410678,0.0820000022649765,0.05901008182006301,0.5741076009139618,0.0,0.36414958194586033,2023-04-14 10:23:39,2022-12-23 13:46:42,2023-04-14 19:08:02,Friday,13
74,f,14,1512.2884072396246,112.79724709877479,115.22999203829617,101.38659127410678,0.0820000022649765,0.08545855877666435,0.9647056598164312,0.0,2.4327449395213856,2023-04-14 19:08:02,2022-12-23 23:09:10,2023-04-17 05:31:11,Friday,23
74,b,15,1627.8435801056921,115.22999203829617,115.5551728660676,101.38659127410678,0.04100000113248825,0.09256518011752796,3.3635572195461947,0.1364427804538053,0.18873804731760763,2023-04-17 05:31:11,2022-12-26 12:00:00,2023-04-17 13:19:26,Monday,12
74,f,16,1746.5027011639804,115.5551728660676,118.65912105828828,101.38659127410678,0.0820000022649765,0.04347638951275487,3.6806492578453316,0.0,3.1039481922206793,2023-04-17 13:19:26,2022-12-26 16:20:08,2023-04-20 15:49:08,Monday,16
74,b,17,1866.2736601999331,118.65912105828828,119.77095903595277,101.38659127410678,0.0820000022649765,0.06244314411542945,6.803564204668689,0.6964357953313112,0.4154021823331878,2023-04-20 15:49:08,2022-12-30 12:00:00,2023-04-21 18:30:10,Friday,12
74,b,18,1986.5578330760352,119.77095903595277,120.28417287610196,101.38659127410678,0.0820000022649765,0.18181846658354048,1.0347775048012835,0.4652224951987165,0.047991344950480755,2023-04-21 18:30:10,2022-12-24 12:00:00,2023-04-22 06:49:12,Saturday,12
74,f,19,2107.4767204637365,120.28417287610196,120.91888738770136,101.38659127410678,0.04100000113248825,0.09960950563806219,1.4247823828725075,0.07521761712749253,0.5594968944719036,2023-04-22 06:49:12,2022-12-24 12:00:00,2023-04-22 22:03:11,Saturday,12
74,f,20,2228.8799340362293,120.91888738770136,121.40321357249279,101.38659127410678,0.04100000113248825,0.06745894897711417,2.027346337810968,0.4726536621890318,0.011672522602394052,2023-04-22 22:03:11,2022-12-25 12:00:00,2023-04-23 09:40:37,Sunday,12
74,c,21,2350.6964137492437,121.40321357249279,121.81647971301419,101.38659127410678,0.12300000339746475,0.06333560621958075,2.5895491821098346,0.0,0.4132661405214063,2023-04-23 09:40:37,2022-12-25 14:08:57,2023-04-23 19:35:43,Sunday,14
75,e,1,102.8210607209692,102.08935410827034,102.8210607209692,102.08935410827034,0.04100000113248825,0.14252952100494173,4.272883630407776,0.22711636959222403,0.5045902431066388,2023-04-04 02:08:40,2022-12-27 12:00:00,2023-04-04 19:42:19,Tuesday,12
75,f,2,206.74786849943533,102.8210607209692,103.92680777846613,102.08935410827034,0.0820000022649765,0.021883984701602244,4.924944707935779,0.0,1.105747057496925,2023-04-04 19:42:19,2022-12-27 22:11:55,2023-04-05 22:14:36,Tuesday,22
75,f,3,312.3138273716603,103.92680777846613,105.565958872225,102.08935410827034,0.0820000022649765,0.39018815987027855,6.398995940601381,1.101004059398619,0.5381470343602437,2023-04-05 22:14:36,2022-12-30 12:00:00,2023-04-07 13:34:58,Friday,12
75,f,4,418.2080616871269,105.565958872225,105.89423431546658,102.08935410827034,0.0820000022649765,0.20583662997119836,0.8537955044611749,0.0,0.32827544324158053,2023-04-07 13:34:58,2022-12-23 20:29:27,2023-04-07 21:27:41,Friday,20
75,f,5,524.715932870505,105.89423431546658,106.50787118337807,102.08935410827034,0.04100000113248825,0.2038602333421686,1.139094549941234,0.36090545005876606,0.2527314178527309,2023-04-07 21:27:41,2022-12-24 12:00:00,2023-04-08 12:11:20,Saturday,12
75,f,6,632.009443336221,106.50787118337807,107.29351046571603,102.08935410827034,0.0820000022649765,0.07029018192254749,1.6601613675655926,0.0,0.7856392823379469,2023-04-08 12:11:20,2022-12-24 15:50:37,2023-04-09 07:02:39,Saturday,15
75,f,7,739.4446025960557,107.29351046571603,107.43515925983466,102.08935410827034,0.04100000113248825,0.02823329772033132,2.3627437645688474,0.13725623543115262,0.004392558687484086,2023-04-09 07:02:39,2022-12-25 12:00:00,2023-04-09 10:26:37,Sunday,12
75,f,8,847.34299299421,107.43515925983466,107.89839039815429,102.08935410827034,0.04100000113248825,0.13631947502323774,2.6124787359903934,0.0,0.4632311383196337,2023-04-09 10:26:37,2022-12-25 14:41:58,2023-04-09 21:33:40,Sunday,14
75,f,9,958.3840942327752,107.89839039815429,111.04110123856512,102.08935410827034,0.0820000022649765,0.13552029194142773,3.1159106923607,0.38408930763930016,2.7586215327715258,2023-04-09 21:33:40,2022-12-26 12:00:00,2023-04-13 00:59:11,Monday,12
75,c,10,1070.9687704361847,111.04110123856512,112.58467620340956,102.08935410827034,0.12300000339746475,0.026004029187069767,6.190105271149648,1.3098947288503524,0.23368023599408574,2023-04-13 00:59:11,2022-12-30 12:00:00,2023-04-14 14:01:56,Friday,12
75,c,11,1184.0413585525125,112.58467620340956,113.07258811632776,102.08935410827034,0.04100000113248825,0.048965732078378774,0.6746419366204179,0.0,0.4879119129182038,2023-04-14 14:01:56,2022-12-23 16:11:29,2023-04-15 01:44:31,Friday,16
76,b,1,102.35895402543653,102.32739210066998,102.35895402543653,102.32739210066998,0.04100000113248825,0.14507384075440166,4.513465942556877,0.0,0.031561924766553145,2023-04-04 07:51:26,2022-12-27 12:19:23,2023-04-04 08:36:53,Tuesday,12
76,d,2,205.09888972629182,102.35895402543653,102.73993570085527,102.32739210066998,0.0820000022649765,0.03782257359853669,4.478776601300041,0.02122339869995926,0.3597582767187723,2023-04-04 08:36:53,2022-12-27 12:00:00,2023-04-04 17:45:30,Tuesday,12
76,d,3,307.9332441237925,102.73993570085527,102.83435439750068,102.32739210066998,0.12300000339746475,0.04862344409189042,4.911559148344622,0.0,0.09441869664540074,2023-04-04 17:45:30,2022-12-27 21:52:38,2023-04-04 20:01:28,Tuesday,21
77,e,1,109.19136288557304,108.7040349989716,109.19136288557304,108.7040349989716,0.04100000113248825,0.12148042046825522,3.866515420572341,0.0,0.48732788660144855,2023-04-10 16:53:48,2022-12-26 20:47:46,2023-04-11 04:35:33,Monday,20
78,b,1,109.45140643001646,108.91955637478252,109.45140643001646,108.91955637478252,0.04100000113248825,0.11108862735729519,4.071645003272295,0.4283549967277054,0.10349505850624742,2023-04-10 22:04:09,2022-12-27 12:00:00,2023-04-11 10:50:01,Tuesday,12
78,b,2,219.09709116835222,109.45140643001646,109.64568473833577,108.91955637478252,0.12300000339746475,0.0939104645694869,4.668316897983416,0.0,0.19427830831930845,2023-04-11 10:50:01,2022-12-27 16:02:22,2023-04-11 15:29:47,Tuesday,16
78,f,3,329.96375811052707,109.64568473833577,110.86666694217485,108.91955637478252,0.0820000022649765,0.0001477197296572994,4.727832460330404,0.0,1.2209822038390676,2023-04-11 15:29:47,2022-12-27 17:28:04,2023-04-12 20:48:00,Tuesday,17
78,f,4,442.4124351816736,110.86666694217485,112.4486770711465,108.91955637478252,0.04100000113248825,0.011463146430008711,5.919130089737337,1.5808699102626633,0.0011402187089925861,2023-04-12 20:48:00,2022-12-30 12:00:00,2023-04-14 10:46:05,Friday,12
78,f,5,555.0038310221929,112.4486770711465,112.59139584051935,108.91955637478252,0.0820000022649765,0.09996048418848516,0.6306375575999681,0.0,0.14271876937284947,2023-04-14 10:46:05,2022-12-23 15:08:07,2023-04-14 14:11:36,Friday,15
78,f,6,668.3775987117764,112.59139584051935,113.37376768958346,108.91955637478252,0.0,0.08822788629360741,0.679623726812963,0.0,0.7823718490641087,2023-04-14 14:11:36,2022-12-23 16:18:39,2023-04-15 08:58:13,Friday,16
78,f,7,782.6819747215629,113.37376768958346,114.3043760097865,108.91955637478252,0.0,0.12363349743516797,1.4974011870186246,0.0025988129813754313,0.9280095072216665,2023-04-15 08:58:13,2022-12-24 12:00:00,2023-04-16 07:18:18,Saturday,12
78,f,8,897.7844789096115,114.3043760097865,115.1025041880486,108.91955637478252,0.04100000113248825,0.21361011204978006,2.5589861229687614,0.0,0.7981281782620986,2023-04-16 07:18:18,2022-12-25 13:24:56,2023-04-17 02:27:36,Sunday,13
78,f,9,1013.5987013636995,115.1025041880486,115.81422245408801,108.91955637478252,0.0820000022649765,0.20372120384661874,3.3882253941601874,0.11177460583981258,0.5999436601995973,2023-04-17 02:27:36,2022-12-26 12:00:00,2023-04-17 19:32:28,Monday,12
78,f,10,1129.6293412772611,115.81422245408801,116.03063991356157,108.91955637478252,0.04100000113248825,0.02925426520438636,3.8844767204248853,0.0,0.2164174594735674,2023-04-17 19:32:28,2022-12-26 21:13:38,2023-04-18 00:44:07,Monday,21
78,f,11,1246.1146795282912,116.03063991356157,116.4853382510301,108.91955637478252,0.0,0.1756507860858501,4.206290699647425,0.2937093003525746,0.16098903711595813,2023-04-18 00:44:07,2022-12-27 12:00:00,2023-04-18 11:38:53,Tuesday,12
78,f,12,1362.7657508025027,116.4853382510301,116.65107127421156,108.91955637478252,0.04100000113248825,0.08228307746026937,4.6086213296228635,0.0,0.16573302318146318,2023-04-18 11:38:53,2022-12-27 14:36:24,2023-04-18 15:37:32,Tuesday,14
78,c,13,1479.6606947085613,116.65107127421156,116.89494390605863,108.91955637478252,0.0820000022649765,0.007201066222218026,4.740272342698759,0.0,0.24387263184706404,2023-04-18 15:37:32,2022-12-27 17:45:59,2023-04-18 21:28:43,Tuesday,17
79,c,1,112.50033191128087,111.57287040871107,112.50033191128087,111.57287040871107,0.0,0.06614479951448511,6.639015208225558,0.8609847917744418,0.06647671079535199,2023-04-13 13:44:56,2022-12-30 12:00:00,2023-04-14 12:00:28,Friday,12
79,c,2,225.7568811572851,112.50033191128087,113.25654924600424,111.57287040871107,0.0820000022649765,0.06655279485388756,0.6488847083997342,0.0,0.7562173347233766,2023-04-14 12:00:28,2022-12-23 15:34:23,2023-04-15 06:09:25,Friday,15
79,c,3,339.7268743848223,113.25654924600424,113.96999322753719,111.57287040871107,0.0820000022649765,0.05203518869868749,1.3905844369678988,0.1094155630321012,0.6040284185008424,2023-04-15 06:09:25,2022-12-24 12:00:00,2023-04-15 23:16:47,Saturday,12
79,d,4,454.29918385595613,113.96999322753719,114.57230947113386,111.57287040871107,0.04100000113248825,0.10961179178348282,2.120605020453155,0.379394979546845,0.22292126404982604,2023-04-15 23:16:47,2022-12-25 12:00:00,2023-04-16 13:44:07,Sunday,12
80,d,1,114.8206427763754,114.21634892387054,114.8206427763754,114.21634892387054,0.04100000113248825,0.10667793021995972,2.3640268552229884,0.1359731447770116,0.4683207077278412,2023-04-16 05:11:32,2022-12-25 12:00:00,2023-04-16 19:41:43,Sunday,12
80,b,2,230.73823246573755,114.8206427763754,115.91758968936217,114.21634892387054,0.04100000113248825,0.02593498485537583,2.8875777623632644,0.0,1.096946912986783,2023-04-16 19:41:43,2022-12-25 21:18:06,2023-04-17 22:01:19,Sunday,21
80,f,3,349.71452370950703,115.91758968936217,118.97629124376947,114.21634892387054,0.04100000113248825,0.059910379392366264,4.0185000698870255,0.48149993011297454,2.5772016242943137,2023-04-17 22:01:19,2022-12-27 12:00:00,2023-04-20 23:25:51,Tuesday,12
80,c,4,470.6157236104032,118.97629124376947,120.90119990089619,114.21634892387054,0.0,0.04326087480287608,0.019552118572349286,0.4804478814276507,1.4444607756990684,2023-04-20 23:25:51,2022-12-23 12:00:00,2023-04-22 21:37:43,Friday,12
80,c,5,591.9914314605667,120.90119990089619,121.3757078501634,114.21634892387054,0.0820000022649765,0.062445962796856526,2.045645865958022,0.4543541340419779,0.020153815225224303,2023-04-22 21:37:43,2022-12-25 12:00:00,2023-04-23 09:01:01,Sunday,12
81,d,1,115.40808724219657,115.1024958704578,115.40808724219657,115.1024958704578,0.0,0.19160872879394875,3.294104599251753,0.20589540074824697,0.09969597099052235,2023-04-17 02:27:35,2022-12-26 12:00:00,2023-04-17 09:47:38,Monday,12
81,b,2,231.13211299190283,115.40808724219657,115.72402574970626,115.1024958704578,0.04100000113248825,0.02456744170959905,3.473654685038653,0.026345314961346844,0.28959319254833205,2023-04-17 09:47:38,2022-12-26 12:00:00,2023-04-17 17:22:35,Monday,12
81,f,3,347.32277954286553,115.72402574970626,116.19066655096267,115.1024958704578,0.12300000339746475,0.02655165657189508,3.873577409675619,0.0,0.46664080125641616,2023-04-17 17:22:35,2022-12-26 20:57:57,2023-04-18 04:34:33,Monday,20
81,c,4,463.8236037880993,116.19066655096267,116.50082424523379,115.1024958704578,0.0820000022649765,0.03310037624387003,4.305766929471517,0.19423307052848315,0.11592462374262272,2023-04-18 04:34:33,2022-12-27 12:00:00,2023-04-18 12:01:11,Tuesday,12
81,c,5,581.2474419543275,116.50082424523379,117.4238381662282,115.1024958704578,0.0820000022649765,0.08654573189782216,4.669369979396592,0.0,0.9230139209944125,2023-04-18 12:01:11,2022-12-27 16:03:53,2023-04-19 10:10:19,Tuesday,16
82,e,1,117.51130339552293,116.53023532521279,117.51130339552293,116.53023532521279,0.0820000022649765,0.18150246073239318,4.7937377882101515,0.0,0.9810680703101502,2023-04-18 12:43:32,2022-12-27 19:02:58,2023-04-19 12:16:16,Tuesday,19
83,c,1,119.959900823593,117.26383098873704,119.959900823593,117.26383098873704,0.0820000022649765,0.07476742958477223,5.420598420586785,2.079401579413215,0.61666825544274,2023-04-19 06:19:54,2022-12-30 12:00:00,2023-04-21 23:02:15,Friday,12
83,c,2,241.01214087980878,119.959900823593,121.0522400562158,117.26383098873704,0.0,0.24388648845578462,1.2037873120487887,0.29621268795121125,0.796126544671579,2023-04-21 23:02:15,2022-12-24 12:00:00,2023-04-23 01:15:13,Saturday,12
83,c,3,363.57921909637594,121.0522400562158,122.56707821656718,117.26383098873704,0.04100000113248825,0.0596003707062729,2.15284042805456,0.3471595719454399,1.167678588405944,2023-04-23 01:15:13,2022-12-25 12:00:00,2023-04-24 13:36:35,Sunday,12
83,c,4,486.3197222361047,122.56707821656718,122.74050313972879,117.26383098873704,0.04100000113248825,0.2611012494306365,3.8691794671303086,0.0,0.17342492316160218,2023-04-24 13:36:35,2022-12-26 20:51:37,2023-04-24 17:46:19,Monday,20
83,c,5,609.577354661076,122.74050313972879,123.25763242497133,117.26383098873704,0.04100000113248825,0.052828124199649495,3.834331265060925,0.0,0.5171292852425424,2023-04-24 17:46:19,2022-12-26 20:01:26,2023-04-25 06:10:59,Monday,20
83,c,6,733.2578579895317,123.25763242497133,123.6805033284557,117.26383098873704,0.04100000113248825,0.04973333113248483,4.348365757236309,0.15163424276369142,0.2712366607206771,2023-04-25 06:10:59,2022-12-27 12:00:00,2023-04-25 16:19:55,Tuesday,12
84,e,1,120.14706205494026,118.32010744407283,120.14706205494026,118.32010744407283,0.0820000022649765,0.16056213908571215,6.562669585423521,0.9373304145764791,0.8896241962909522,2023-04-20 07:40:57,2022-12-30 12:00:00,2023-04-22 03:31:46,Friday,12
84,f,2,242.13535851172045,120.14706205494026,121.98829645678019,118.32010744407283,0.12300000339746475,0.12470104179407955,1.3947631001318115,0.10523689986818852,1.7359975019717377,2023-04-22 03:31:46,2022-12-24 12:00:00,2023-04-23 23:43:08,Saturday,12
84,f,3,365.2979647621622,121.98829645678019,123.16260625044177,118.32010744407283,0.04100000113248825,0.026426671305980306,3.055723129218663,0.44427687078133715,0.7300329228802368,2023-04-23 23:43:08,2022-12-26 12:00:00,2023-04-25 03:54:09,Monday,12
84,c,4,488.8254572926161,123.16260625044177,123.52749253045383,118.32010744407283,0.0,0.09693875356595223,4.25954500400772,0.24045499599228037,0.12443128401977974,2023-04-25 03:54:09,2022-12-27 12:00:00,2023-04-25 12:39:35,Tuesday,12
85,e,1,119.61875355442812,119.00200241376082,119.61875355442812,119.00200241376082,0.04100000113248825,0.06445670983582336,0.10745912472913233,0.3925408752708677,0.224210265396435,2023-04-21 00:02:53,2022-12-23 12:00:00,2023-04-21 14:51:00,Friday,12
86,b,1,119.45377991612153,119.02336538355978,119.45377991612153,119.02336538355978,0.0820000022649765,0.00813451196471029,0.11349989778946679,0.3865001022105332,0.043914430351222285,2023-04-21 00:33:38,2022-12-23 12:00:00,2023-04-21 10:53:26,Friday,12
86,f,2,239.44757815162632,119.45377991612153,119.99379823550477,119.02336538355978,0.12300000339746475,0.1782336297751031,0.7550135492941052,0.0,0.5400183193832372,2023-04-21 10:53:26,2022-12-23 18:07:13,2023-04-21 23:51:04,Friday,18
86,f,3,360.84753244993806,119.99379823550477,121.39995429831175,119.02336538355978,0.0820000022649765,0.07858075972265396,1.154378997492401,0.345621002507599,1.0605350602993853,2023-04-21 23:51:04,2022-12-24 12:00:00,2023-04-23 09:35:56,Saturday,12
86,f,4,484.7621679890134,121.39995429831175,123.91463553907536,119.02336538355978,0.0,0.14991709926024538,2.549871397572005,0.0,2.5146812407636037,2023-04-23 09:35:56,2022-12-25 13:11:48,2023-04-25 21:57:04,Sunday,13
86,f,5,609.0031180491524,123.91463553907536,124.24095006013896,119.02336538355978,0.0,0.08136395732479988,4.9959994964001595,0.0,0.32631452106359726,2023-04-25 21:57:04,2022-12-27 23:54:14,2023-04-26 05:46:58,Tuesday,23
86,f,6,736.1058747145083,124.24095006013896,127.10275666535598,119.02336538355978,0.04100000113248825,0.049374535103342915,5.331324596374785,2.1686754036252154,0.6931312015918148,2023-04-26 05:46:58,2022-12-30 12:00:00,2023-04-29 02:27:58,Friday,12
86,c,7,864.1967745252977,127.10275666535598,128.09089981078935,119.02336538355978,0.0820000022649765,0.06719269999718694,1.2519493676181526,0.24805063238184744,0.7400925130515223,2023-04-29 02:27:58,2022-12-24 12:00:00,2023-04-30 02:10:53,Saturday,12
86,c,8,993.6932788987577,128.09089981078935,129.49650437346006,119.02336538355978,0.0,0.14281598271618814,2.233715793505553,0.26628420649444706,1.139320356176249,2023-04-30 02:10:53,2022-12-25 12:00:00,2023-05-01 11:54:57,Sunday,12
86,c,9,1123.7026995037315,129.49650437346006,130.00942060497383,119.02336538355978,0.04100000113248825,0.027958409883085834,3.565462784475642,0.0,0.5129162315137684,2023-05-01 11:54:57,2022-12-26 13:34:15,2023-05-02 00:13:33,Monday,13
87,b,1,121.62043849957593,121.5256235131098,121.62043849957593,121.5256235131098,0.0,0.04961597529149053,2.5752394884012944,0.0,0.09481498646611908,2023-04-23 12:36:53,2022-12-25 13:48:20,2023-04-23 14:53:25,Sunday,13
87,b,2,243.28300654461506,121.62043849957593,121.66256804503914,121.5256235131098,0.04100000113248825,0.03901611639137656,2.700454617099794,0.0,0.042129545463210155,2023-04-23 14:53:25,2022-12-25 16:48:39,2023-04-23 15:54:05,Sunday,16
87,f,3,366.3212621966543,121.66256804503914,123.03825565203921,121.5256235131098,0.04100000113248825,0.3759021249978767,3.079470171169504,0.42052982883049594,0.9551577781695783,2023-04-23 15:54:05,2022-12-26 12:00:00,2023-04-25 00:55:05,Monday,12
87,f,4,491.4712489427932,123.03825565203921,125.1499867461389,121.5256235131098,0.04100000113248825,0.022454387496835305,4.101710040668536,0.39828995933146416,1.713441134768211,2023-04-25 00:55:05,2022-12-27 12:00:00,2023-04-27 03:35:58,Tuesday,12
87,f,5,618.7752770438602,125.1499867461389,127.30402810106709,121.5256235131098,0.04100000113248825,0.21421758500576232,6.405204332277137,1.0947956677228632,1.0592456872053289,2023-04-27 03:35:58,2022-12-30 12:00:00,2023-04-29 07:17:48,Friday,12
87,f,6,748.7075584767786,127.30402810106709,129.9322814329183,121.5256235131098,0.12300000339746475,0.0043685933209482814,1.4313966977855017,0.06860330221449829,2.5596500296367175,2023-04-29 07:17:48,2022-12-24 12:00:00,2023-05-01 22:22:29,Saturday,12
87,f,7,879.5144370755849,129.9322814329183,130.80687859880632,121.5256235131098,0.04100000113248825,0.03541754686956843,4.0086989809203715,0.49130101907962853,0.3832961468083835,2023-05-01 22:22:29,2022-12-27 12:00:00,2023-05-02 19:21:54,Tuesday,12
87,c,8,1011.4004657035041,130.80687859880632,131.88602862791925,121.5256235131098,0.04100000113248825,0.009458736009665654,4.857337335948472,0.0,1.0791500291129108,2023-05-02 19:21:54,2022-12-27 20:34:33,2023-05-03 21:15:52,Tuesday,20
87,c,9,1144.974403627638,131.88602862791925,133.57393792413376,121.5256235131098,0.04100000113248825,0.2962971671300218,6.2233257961817685,1.2766742038182315,0.41123509239629463,2023-05-03 21:15:52,2022-12-30 12:00:00,2023-05-05 13:46:28,Friday,12
87,d,10,1279.2354843538537,133.57393792413376,134.26108072621594,121.5256235131098,0.12300000339746475,0.07990758093177983,0.7768455084629977,0.0,0.6871428020821897,2023-05-05 13:46:28,2022-12-23 18:38:39,2023-05-06 06:15:57,Friday,18
88,d,1,123.47546371334587,122.16586908548805,123.47546371334587,122.16586908548805,0.04100000113248825,0.04525648884067941,3.2521255754612213,0.24787442453877873,1.0617202033190465,2023-04-24 03:58:51,2022-12-26 12:00:00,2023-04-25 11:24:40,Monday,12
88,d,2,247.59572203329157,123.47546371334587,124.12025831994569,122.16586908548805,0.0820000022649765,0.025627674894548445,4.583091390505402,0.0,0.6447946065998169,2023-04-25 11:24:40,2022-12-27 13:59:39,2023-04-26 02:53:10,Tuesday,13
88,b,3,373.99013129471257,124.12025831994569,126.39440926142102,122.16586908548805,0.0820000022649765,0.2661343395983878,5.468392661809062,2.0316073381909376,0.24254360328438868,2023-04-26 02:53:10,2022-12-30 12:00:00,2023-04-28 09:27:56,Friday,12
88,d,4,500.68297010163155,126.39440926142102,126.69283880691897,122.16586908548805,0.0,0.028179873214560593,0.42258913463557235,0.07741086536442765,0.22101868013352108,2023-04-28 09:27:56,2022-12-23 12:00:00,2023-04-28 16:37:41,Friday,12
88,d,5,627.5190775246944,126.69283880691897,126.83610742306284,122.16586908548805,0.04100000113248825,0.007053490766634598,0.7408922988180962,0.0,0.14326861614386685,2023-04-28 16:37:41,2022-12-23 17:46:53,2023-04-28 20:03:59,Friday,17
89,b,1,126.29573293018086,124.37180589478852,126.29573293018086,124.37180589478852,0.0820000022649765,0.20122901921896486,5.65503491627247,1.84496508372753,0.07896195166481161,2023-04-26 08:55:24,2022-12-30 12:00:00,2023-04-28 07:05:51,Friday,12
89,f,2,252.90284862205766,126.29573293018086,126.6071156918768,124.37180589478852,0.0,0.002829724805046703,0.29856265498591483,0.20143734501408517,0.10994541668185522,2023-04-28 07:05:51,2022-12-23 12:00:00,2023-04-28 14:34:14,Friday,12
89,c,3,380.8443385810864,126.6071156918768,127.94148995902873,124.37180589478852,0.0820000022649765,0.05167012800657802,0.7407858221483536,0.0,1.3343742671519345,2023-04-28 14:34:14,2022-12-23 17:46:43,2023-04-29 22:35:44,Friday,17
89,c,4,509.10788058557796,127.94148995902873,128.2635420044916,124.37180589478852,0.12300000339746475,0.25390004610940026,2.3183900085356015,0.1816099914643985,0.14044205399846585,2023-04-29 22:35:44,2022-12-25 12:00:00,2023-04-30 06:19:30,Sunday,12
89,c,5,638.3314327173398,128.2635420044916,129.22355213176186,124.37180589478852,0.04100000113248825,0.11069679292996555,2.415238798554043,0.08476120144595711,0.875248925824311,2023-04-30 06:19:30,2022-12-25 12:00:00,2023-05-01 05:21:54,Sunday,12
89,c,6,767.7087051571241,129.22355213176186,129.37727243978432,124.37180589478852,0.04100000113248825,0.11469400023346216,3.379246133127822,0.12075386687217815,0.03296644115028321,2023-05-01 05:21:54,2022-12-26 12:00:00,2023-05-01 09:03:16,Monday,12
89,c,7,897.7587171002885,129.37727243978432,130.0500119431644,124.37180589478852,0.0,0.03338732732149728,3.4106597671058125,0.08934023289418747,0.5833992704858973,2023-05-01 09:03:16,2022-12-26 12:00:00,2023-05-02 01:12:01,Monday,12
89,c,8,1030.5549829576312,130.0500119431644,132.79626585734252,124.37180589478852,0.0,0.0034651899797261882,4.053477133144128,0.4465228668558723,2.2997310473222305,2023-05-02 01:12:01,2022-12-27 12:00:00,2023-05-04 19:06:37,Tuesday,12
90,e,1,126.76847131543951,125.26143243884857,126.76847131543951,125.26143243884857,0.12300000339746475,0.0012982274413909666,6.385730669687433,1.1142693303125668,0.3927695462783786,2023-04-27 06:16:27,2022-12-30 12:00:00,2023-04-28 18:26:35,Friday,12
91,b,1,126.37154018342802,125.72343627334486,126.37154018342802,125.72343627334486,0.04100000113248825,0.10652307519176842,6.870959349669121,0.6290406503308787,0.019063259752291964,2023-04-27 17:21:44,2022-12-30 12:00:00,2023-04-28 08:55:01,Friday,12
91,b,2,253.6928515889323,126.37154018342802,127.32131140550429,125.72343627334486,0.12300000339746475,0.014559618481090922,0.5090998053065761,0.0,0.9497712220762662,2023-04-28 08:55:01,2022-12-23 12:13:06,2023-04-29 07:42:41,Friday,12
91,b,3,381.82000829898334,127.32131140550429,128.12715671005103,125.72343627334486,0.0820000022649765,0.0009276626840217946,1.4042390704532863,0.09576092954671367,0.7100843750000109,2023-04-29 07:42:41,2022-12-24 12:00:00,2023-04-30 03:03:06,Saturday,12
91,b,4,512.8567887071212,128.12715671005103,131.03678040813784,125.72343627334486,0.04100000113248825,0.07596526802104794,2.24412197920455,0.25587802079544986,2.6537456772913566,2023-04-30 03:03:06,2022-12-25 12:00:00,2023-05-03 00:52:57,Sunday,12
91,b,5,646.2784492923294,131.03678040813784,133.4216605852082,125.72343627334486,0.0820000022649765,0.00045921926875882853,5.1192396296715685,2.3807603703284315,0.004119806741929779,2023-05-03 00:52:57,2022-12-30 12:00:00,2023-05-05 10:07:11,Friday,12
91,b,6,779.7028841104104,133.4216605852082,133.424434818081,125.72343627334486,0.0,0.2585211814696511,0.6801817666778618,0.0,0.0027742328727971373,2023-05-05 10:07:11,2022-12-23 16:19:27,2023-05-05 10:11:11,Friday,16
91,b,7,914.0856139130523,133.424434818081,134.38272980264188,125.72343627334486,0.0820000022649765,0.2108235708724867,0.7172583912184791,0.0,0.9582949845608565,2023-05-05 10:11:11,2022-12-23 17:12:51,2023-05-06 09:11:07,Friday,17
91,b,8,1048.484317703012,134.38272980264188,134.39870378995988,125.72343627334486,0.0820000022649765,0.10646848919313118,1.571198294099986,0.0,0.015973987318003195,2023-05-06 09:11:07,2022-12-24 13:42:31,2023-05-06 09:34:08,Saturday,13
91,f,9,1183.6782779984776,134.39870378995988,135.19396029546547,125.72343627334486,0.0820000022649765,0.006682763185033679,1.4873865554098984,0.012613444590101608,0.7826430609154915,2023-05-06 09:34:08,2022-12-24 12:00:00,2023-05-07 04:39:18,Saturday,12
91,f,10,1319.0746924888003,135.19396029546547,135.3964144903228,125.72343627334486,0.12300000339746475,0.04301856659111029,2.359978865454053,0.14002113454594678,0.06243306031136656,2023-05-07 04:39:18,2022-12-25 12:00:00,2023-05-07 09:30:50,Sunday,12
91,c,11,1454.5011712324629,135.3964144903228,135.42647874366253,125.72343627334486,0.04100000113248825,0.06016934316475551,2.4975838346200305,0.0024161653799694705,0.02764808795976927,2023-05-07 09:30:50,2022-12-25 12:00:00,2023-05-07 10:14:07,Sunday,12
91,c,12,1590.620960422105,135.42647874366253,136.11978918964232,125.72343627334486,0.04100000113248825,0.08800660162856117,2.5554853464235805,0.0,0.6933104459797975,2023-05-07 10:14:07,2022-12-25 13:19:53,2023-05-08 02:52:29,Sunday,13
91,c,13,1728.8732904234737,136.11978918964232,138.2523300013686,125.72343627334486,0.0820000022649765,0.1372041339709385,3.3389933258782207,0.16100667412177927,1.971534137604479,2023-05-08 02:52:29,2022-12-26 12:00:00,2023-05-10 06:03:21,Monday,12
91,c,14,1869.8638182479147,138.2523300013686,140.99052782444096,125.72343627334486,0.0,0.17853920588355415,5.430869207252158,2.069130792747842,0.6690670303245322,2023-05-10 06:03:21,2022-12-30 12:00:00,2023-05-12 23:46:21,Friday,12
92,c,1,129.24950806539982,128.77030314382105,129.24950806539982,128.77030314382105,0.04100000113248825,0.28275700236657725,3.094060147320107,0.40593985267989297,0.07326506889887642,2023-04-30 18:29:14,2022-12-26 12:00:00,2023-05-01 05:59:17,Monday,12
92,c,2,259.5627285110937,129.24950806539982,130.3132204456939,128.77030314382105,0.0820000022649765,0.14943755904610692,3.4809456267109056,0.01905437328909443,1.0446580070049878,2023-05-01 05:59:17,2022-12-26 12:00:00,2023-05-02 07:31:02,Monday,12
93,e,1,130.84371117543583,130.61613420384603,130.84371117543583,130.61613420384603,0.12300000339746475,0.08591602881790893,4.825050236061401,0.0,0.22757697158980572,2023-05-02 14:47:13,2022-12-27 19:48:04,2023-05-02 20:14:56,Tuesday,19
94,d,1,133.79177707569448,130.88716878887178,133.79177707569448,130.88716878887178,0.0820000022649765,0.27434062816901955,5.243509419305781,2.2564905806942193,0.6481177061284997,2023-05-02 21:17:31,2022-12-30 12:00:00,2023-05-05 19:00:09,Friday,12
94,d,2,268.2535199542882,133.79177707569448,134.46174287859375,130.88716878887178,0.0820000022649765,0.14278872964567385,1.016565807605133,0.48343419239486707,0.18653161050439004,2023-05-05 19:00:09,2022-12-24 12:00:00,2023-05-06 11:04:54,Saturday,12
94,d,3,402.7532267348606,134.46174287859375,134.49970678057244,130.88716878887178,0.0820000022649765,0.15310932412930686,1.6968522049880335,0.0,0.037963901978672374,2023-05-06 11:04:54,2022-12-24 16:43:28,2023-05-06 11:59:34,Saturday,16
95,c,1,133.4429208659574,130.89411938594571,133.4429208659574,130.89411938594571,0.04100000113248825,0.1042464397161141,5.039365826794324,2.4606341732056762,0.08816730680601759,2023-05-02 21:27:31,2022-12-30 12:00:00,2023-05-05 10:37:48,Friday,12
95,d,2,267.2245740866737,133.4429208659574,133.78165322071632,130.89411938594571,0.04100000113248825,0.003560588125639928,0.4874814552155442,0.012518544784455798,0.3262138099744613,2023-05-05 10:37:48,2022-12-23 12:00:00,2023-05-05 18:45:34,Friday,12
95,b,3,401.336757932694,133.78165322071632,134.1121838460203,130.89411938594571,0.0820000022649765,0.10675094025633541,0.9704041632376459,0.0,0.33053062530396654,2023-05-05 18:45:34,2022-12-23 23:17:22,2023-05-06 02:41:32,Friday,23
95,b,4,536.3084699087062,134.1121838460203,134.97171197601222,130.89411938594571,0.04100000113248825,0.014811071833721441,1.1679949189864942,0.3320050810135058,0.5275230489784319,2023-05-06 02:41:32,2022-12-24 12:00:00,2023-05-06 23:19:15,Saturday,12
95,b,5,671.7990686608086,134.97171197601222,135.4905987521024,130.89411938594571,0.04100000113248825,0.026733272664730735,2.0394452498094324,0.4605547501905676,0.058332025899595845,2023-05-06 23:19:15,2022-12-25 12:00:00,2023-05-07 11:46:27,Sunday,12
95,b,6,807.3075734474346,135.4905987521024,135.508504786626,130.89411938594571,0.0820000022649765,0.02679446978821076,2.5993932241555626,0.0,0.01790603452361723,2023-05-07 11:46:27,2022-12-25 14:23:07,2023-05-07 12:12:14,Sunday,14
95,b,7,942.8308613418478,135.508504786626,135.52328789441322,130.89411938594571,0.04100000113248825,0.049295080957068374,2.5987998687155596,0.0,0.014783107787234288,2023-05-07 12:12:14,2022-12-25 14:22:16,2023-05-07 12:33:32,Sunday,14
95,f,8,1078.443421553057,135.52328789441322,135.61256021120934,130.89411938594571,0.0820000022649765,0.16655157186475497,2.771839468542936,0.0,0.0892723167961291,2023-05-07 12:33:32,2022-12-25 18:31:26,2023-05-07 14:42:05,Sunday,18
95,c,9,1214.2086887204214,135.61256021120934,135.76526716736436,130.89411938594571,0.04100000113248825,0.039905324227066157,2.693465536568908,0.0,0.1527069561550116,2023-05-07 14:42:05,2022-12-25 16:38:35,2023-05-07 18:21:59,Sunday,16
95,d,10,1350.6729052051244,135.76526716736436,136.46421648470292,130.89411938594571,0.0,0.06869707088386211,2.833964238248228,0.0,0.6989493173385727,2023-05-07 18:21:59,2022-12-25 20:00:54,2023-05-08 11:08:28,Sunday,20
96,b,1,133.272879343493,131.7061438074131,133.272879343493,131.7061438074131,0.0820000022649765,0.2461749817609787,6.034318791439063,1.4656812085609374,0.10105432751895857,2023-05-03 16:56:50,2022-12-30 12:00:00,2023-05-05 06:32:56,Friday,12
96,f,2,268.886379651924,133.272879343493,135.61350030843101,131.7061438074131,0.04100000113248825,0.019905941896136595,0.33378528652161776,0.16621471347838224,2.1744062514596294,2023-05-05 06:32:56,2022-12-23 12:00:00,2023-05-07 14:43:26,Friday,12
96,f,3,406.07978993243773,135.61350030843101,137.1934102805137,131.7061438074131,0.12300000339746475,0.30595791568852165,3.0424582275169882,0.45754177248301175,1.122368199599658,2023-05-07 14:43:26,2022-12-26 12:00:00,2023-05-09 04:38:30,Monday,12
96,c,4,543.4694263900167,137.1934102805137,137.38963645757892,131.7061438074131,0.04100000113248825,0.12300062767834587,4.357410909324528,0.14258909067547165,0.05363708638974574,2023-05-09 04:38:30,2022-12-27 12:00:00,2023-05-09 09:21:04,Tuesday,12
96,c,5,681.0784813411154,137.38963645757892,137.60905495109876,131.7061438074131,0.0820000022649765,0.06872753884167233,4.540363998685564,0.0,0.2194184935198294,2023-05-09 09:21:04,2022-12-27 12:58:07,2023-05-09 14:37:02,Tuesday,12
96,c,6,818.69291615709,137.60905495109876,137.61443481597465,131.7061438074131,0.0,0.194517384638078,4.803572335736845,0.0,0.005379864875885404,2023-05-09 14:37:02,2022-12-27 19:17:08,2023-05-09 14:44:47,Tuesday,19
96,d,7,957.3646116742185,137.61443481597465,138.67169551712846,131.7061438074131,0.04100000113248825,0.00767335910036146,4.663108176207487,0.0,1.0572607011538022,2023-05-09 14:44:47,2022-12-27 15:54:52,2023-05-10 16:07:14,Tuesday,15
96,d,8,1098.0644757804293,138.67169551712846,140.69986410621095,131.7061438074131,0.0820000022649765,0.03849039826813963,5.792185917661584,1.707814082338416,0.32035450674407484,2023-05-10 16:07:14,2022-12-30 12:00:00,2023-05-12 16:47:48,Friday,12
97,c,1,133.45381688197068,132.07147671417044,133.45381688197068,132.07147671417044,0.04100000113248825,0.2507729949000695,6.363249710203007,1.1367502897969928,0.2455898780032376,2023-05-04 01:42:55,2022-12-30 12:00:00,2023-05-05 10:53:29,Friday,12
97,c,2,269.0552003633051,133.45381688197068,135.60138348133444,132.07147671417044,0.0820000022649765,0.22269595706565057,0.7585128413012967,0.0,2.147566599363767,2023-05-05 10:53:29,2022-12-23 18:12:15,2023-05-07 14:25:59,Friday,18
97,c,3,404.67528937105294,135.60138348133444,135.62008900774785,132.07147671417044,0.0820000022649765,0.13693830661293652,2.820321790212347,0.0,0.018705526413399967,2023-05-07 14:25:59,2022-12-25 19:41:15,2023-05-07 14:52:55,Sunday,19
98,e,1,133.3026471253633,132.40104218031306,133.3026471253633,132.40104218031306,0.12300000339746475,0.07788055839749297,6.601922742108002,0.8980772578919982,0.0035276871582451247,2023-05-04 09:37:30,2022-12-30 12:00:00,2023-05-05 07:15:48,Friday,12
98,f,2,267.4215174043408,133.3026471253633,134.1188702789775,132.40104218031306,0.0820000022649765,0.06262516698133043,0.44727229460960416,0.05272770539039584,0.7634954482238067,2023-05-05 07:15:48,2022-12-23 12:00:00,2023-05-06 02:51:10,Friday,12
98,f,3,401.91514143086994,134.1188702789775,134.49362402652912,132.40104218031306,0.0,0.05165810911477262,1.1705283880922934,0.3294716119077066,0.04528213564390926,2023-05-06 02:51:10,2022-12-24 12:00:00,2023-05-06 11:50:49,Saturday,12
98,c,4,536.7271438869363,134.49362402652912,134.81200245606635,132.40104218031306,0.04100000113248825,0.07460727219249351,1.6092312998540876,0.0,0.3183784295372306,2023-05-06 11:50:49,2022-12-24 14:37:17,2023-05-06 19:29:17,Saturday,14
98,c,5,671.5689644971758,134.81200245606635,134.84182061023944,132.40104218031306,0.04100000113248825,0.1082196514490832,1.9612221086479167,0.0,0.02981815417307294,2023-05-06 19:29:17,2022-12-24 23:04:09,2023-05-06 20:12:13,Saturday,23
98,d,6,807.5065117048969,134.84182061023944,135.93754720772108,132.40104218031306,0.0,0.0332407708540739,1.8750613810935022,0.0,1.0957265974816337,2023-05-06 20:12:13,2022-12-24 21:00:05,2023-05-07 22:30:04,Saturday,21
99,d,1,134.82891922581746,134.65863884476153,134.82891922581746,134.65863884476153,0.0820000022649765,0.02291901948310737,1.7635578665096148,0.0,0.17028038105592216,2023-05-06 15:48:26,2022-12-24 18:19:31,2023-05-06 19:53:38,Saturday,18
99,b,2,269.9656375155207,134.82891922581746,135.13671828970323,134.65863884476153,0.0820000022649765,0.027553248095376848,1.9384724761778216,0.0,0.3077990638857658,2023-05-06 19:53:38,2022-12-24 22:31:24,2023-05-07 03:16:52,Saturday,22
99,d,3,405.43958934450643,135.13671828970323,135.47395182898572,134.65863884476153,0.04100000113248825,0.010548904155422138,2.188267194991141,0.3117328050088588,0.02550073427364185,2023-05-07 03:16:52,2022-12-25 12:00:00,2023-05-07 11:22:29,Sunday,12
